15	61813600	61456500	62039800	693.253
12	110856000	110842000	111175000	679.884
12	38736800	38502300	38995200	674.627
2A	61948200	61636100	62322900	668.971
17	37115500	37097400	37676000	664.453
12	38748100	38511300	38995200	656.442
16	30689400	30677600	30973900	653.388
12	110647000	110338000	110839000	652.037
15	41299800	41161800	41467000	651.862
16	30725800	30677600	31012200	649.861
12	124214000	124020000	124292000	648.275
16	71794700	71550600	71981500	645.671
15	41294400	41161800	41454800	643.516
12	38760800	38522200	38995200	641.284
12	38754100	38518100	38995200	640.739
2A	61868300	61503900	62266400	636.672
2A	61926500	61564800	62315700	635.232
7	5295220	5173250	5387890	634.995
17	37013900	36620800	37068200	630.721
12	110674000	110484000	110840000	630.342
2B	131688000	131555000	131739000	627.39
2A	61986500	61659200	62326000	626.434
2A	61718100	61465100	62100900	622.757
12	38784900	38548800	38995600	622.407
1	152518000	152178000	152967000	619.041
16	72122800	71963700	72274200	617.442
16	71815700	71575400	71990100	616.821
2A	62282600	61874800	62591700	616.13
2A	62275600	61873000	62581100	615.452
2A	62045900	61671100	62332100	614.786
2A	61996200	61659200	62326000	612.314
2A	62437000	62146800	62631600	611.101
16	72097200	71943300	72232900	607.934
16	71748000	71496200	71959500	606.994
16	72001600	71838900	72196400	606.985
2A	62102700	61721100	62369200	605.421
12	38711000	38416800	38940100	603.865
16	71962500	71752400	72118800	603.697
12	111926000	111411000	112128000	602.568
2A	62155100	61785700	62461000	601.799
16	71902100	71628800	72016200	601.445
2A	62077000	61690200	62336200	600.197
16	72066600	71932800	72218500	598.275
2A	62187700	61821400	62500600	598.199
2A	62261200	61865700	62543400	597.393
12	111954000	111415000	112130000	596.426
12	38768600	38527500	38995200	595.958
12	40456100	40214500	40662800	595.201
16	71992000	71819900	72189100	594.435
12	124191000	123989000	124289000	593.697
16	30057500	29927900	30203300	591.997
12	40313600	40048200	40539800	590.238
12	111135000	110844000	111179000	588.968
2A	62054100	61671100	62332100	588.79
12	111176000	110844000	111179000	588.324
16	72184300	71987300	72298100	585.839
2A	62229400	61833400	62516200	585.579
16	71840200	71577600	72001600	583.871
12	40278600	40047200	40531600	582.342
2A	62197500	61826100	62508400	581.759
2A	62247800	61860700	62528500	580.237
2B	131675000	131554000	131739000	578.96
2B	131731000	131579000	131739000	578.952
2A	62071400	61684700	62334300	576.249
12	40254200	39985400	40514800	575.919
2A	61824200	61479800	62186000	575.706
12	111153000	110844000	111179000	574.807
15	41404100	41271200	41726600	573.87
2A	62161800	61806400	62488300	573.039
2A	62178600	61816100	62498000	572.939
12	40359600	40166100	40632600	572.62
12	40265700	40023800	40529100	572.562
16	30774800	30677600	31064000	572.432
16	30825500	30677600	31128400	570.825
6	86117300	86020700	86306900	570.811
16	71910700	71633300	72018300	570
12	124182000	123975000	124287000	569.782
2A	62121300	61748400	62410700	569.102
2A	61915400	61536300	62315200	567.965
12	111872000	111392000	112104000	567.419
2A	62094600	61707400	62338300	567.308
2A	62089600	61701300	62337700	567.016
16	72154600	71979600	72289400	566.271
12	38683900	38390000	38867400	565.619
7	5262300	5157180	5378760	564.916
2A	62009800	61660300	62326000	563.242
12	112078000	111752000	112264000	562.543
12	111792000	111320000	112074000	560.905
12	1.12e+08	111442000	112142000	559.928
2B	131657000	131537000	131739000	558.798
2A	62062000	61672500	62332500	557.999
7	5255410	5156450	5377380	557.895
2A	61515900	61415300	61907200	556.655
12	112045000	111559000	112155000	556.292
16	30752300	30677600	31028900	554.27
6	44111900	43932000	44309400	554.184
2A	61790400	61469300	62158300	552.76
12	38703800	38406900	38891200	552.754
12	112237000	112069000	112675000	551.888
12	39656800	39426500	39899700	551.839
17	66682600	66450500	66702500	551.556
16	71935200	71703100	72076200	551.389
12	110609000	110322000	110827000	549.733
12	40062100	39880700	40334100	546.575
16	30575500	30447700	30677600	546.557
16	72036700	71922500	72199900	544.737
16	71887800	71618300	72012900	543.259
12	40349500	40152300	40611500	541.375
12	38776400	38539400	38995600	541.228
16	30641800	30491500	30689400	540.664
16	71979200	71786900	72151500	539.43
12	39677400	39436600	39925000	539.247
2A	62138000	61751800	62411300	537.201
15	61920500	61532800	62101700	537.08
16	71875100	71610600	72011000	536.821
2A	61905200	61512300	62311900	536.165
12	110628000	110338000	110836000	536.002
16	72115300	71959500	72250000	534.883
1	128227000	128076000	128637000	533.716
2A	61592700	61443700	61936700	533.03
16	71881100	71613500	72012100	532.45
12	111143000	110844000	111179000	531.936
16	71986300	71803900	72182900	531.906
15	82903100	82817000	83045200	531.879
6	44062500	43880800	44277700	531.817
15	41305100	41171600	41484600	531.12
1	128191000	128076000	128613000	530.995
12	111717000	111309000	112071000	530.648
12	124200000	124006000	124290000	529.928
2B	131647000	131523000	131739000	528.077
6	44103400	43928700	44307700	527.761
12	110845000	110842000	111175000	526.827
1	32067400	31990400	32385700	525.896
12	38796800	38591100	38998400	525.64
12	38695800	38396600	38871900	525.558
16	30597700	30491500	30689400	525.33
15	41284100	41160000	41422500	524.687
1	128079000	128072000	128355000	524.403
15	41358900	41247400	41613400	523.89
12	112177000	112059000	112584000	522.964
2A	62263900	61865700	62558100	522.679
7	5316600	5176780	5389560	522.319
16	72016600	71897300	72196800	521.938
12	112118000	111909000	112376000	521.752
12	110663000	110428000	110840000	521.61
16	71765100	71503800	71965600	521.586
16	71916800	71644100	72019600	521.273
2A	61938200	61607700	62320500	520.378
12	40199700	39947100	40379100	520.319
17	38252300	37872800	38480900	520.133
12	38812200	38600400	38998400	519.433
12	111943000	111411000	112130000	519.23
12	110689000	110492000	110840000	518.413
16	71715900	71482700	71943300	517.775
12	110594000	110268000	110821000	515.639
15	46624300	46118200	46736100	515.369
12	110786000	110504000	110840000	514.716
16	71895900	71623200	72016200	512.811
12	40179500	39931500	40361900	512.237
2A	61837900	61495500	62233700	511.462
2A	62299100	61884600	62620500	511.33
2A	61970100	61652500	62326000	510.785
19	50707000	50539000	50807500	510.73
12	112209000	112059000	112643000	510.666
12	110876000	110842000	111178000	507.695
16	72084800	71939200	72226500	507.121
12	124145000	123941000	124280000	505.76
15	41343700	41241500	41551600	504.706
16	71694800	71468200	71922500	503.669
2B	131620000	131504000	131739000	502.657
7	5341360	5211370	5395620	502.542
15	61792200	61455400	62033800	502.122
6	86113200	86020500	86268200	502.009
1	32338300	32022400	32583500	501.706
2A	61875100	61503900	62280100	500.547
1	128174000	128076000	128596000	500.502
7	5375580	5248970	5401460	500.341
2B	131661000	131545000	131739000	500.244
16	71971900	71779600	72127900	498.796
2B	131603000	131469000	131739000	498.346
16	30863700	30689400	31181300	498.209
12	111978000	111427000	112138000	496.8
16	71857400	71598200	72006400	496.173
2A	62144500	61768400	62432100	495.111
16	71930500	71700000	72064700	494.329
12	110580000	110268000	110821000	493.714
12	110703000	110494000	110840000	492.942
2A	61544700	61417000	61918600	491.876
12	38723100	38423500	38951500	491.242
16	72138500	71974400	72286200	489.326
16	30518200	30447700	30660700	489.11
15	82953600	82820100	83104800	488.612
19	50752600	50544000	50866800	488.321
15	41287800	41160000	41429800	488.218
2B	131669000	131551000	131739000	488.166
12	112059000	111624000	112177000	487.917
2A	61852900	61501400	62243400	487.115
1	152317000	152161000	152759000	486.439
16	30808100	30677600	31088600	486.073
12	110770000	110497000	110840000	485.803
16	71953900	71727500	72109600	485.384
1	152346000	152161000	152764000	485.162
17	37008900	36609800	37068200	484.901
12	38718300	38419000	38942000	483.875
1	128167000	128076000	128594000	483.75
15	61944300	61541500	62117600	483.467
10	71869100	71594900	72200400	483.104
15	41280800	41156000	41413000	482.719
12	40379100	40195700	40647300	482.654
2A	62307100	61895000	62624100	482.45
1	152434000	152173000	152867000	481.296
12	111015000	110842000	111179000	480.943
1	32062200	31990400	32385100	480.543
2A	99718500	99514400	99721500	480.234
16	71850800	71594000	72006400	479.959
12	124204000	124008000	124292000	479.845
15	46539300	46066100	46695000	479.625
1	32130800	32002000	32492500	479.584
12	40221500	39985400	40489000	477.499
12	112035000	111503000	112151000	477.077
12	40209900	39950400	40383300	477.059
5	78010900	77699000	78353400	476.476
6	86092000	85966100	86262600	475.808
12	110827000	110604000	110842000	475.018
19	15704600	15644000	15773700	474.988
16	72052300	71925500	72208400	474.922
12	124233000	124057000	124296000	473.777
15	83010000	82826400	83119100	473.102
2A	61961000	61652500	62326000	472.505
15	61936000	61538100	62117200	472.194
15	82946500	82820100	83064800	472.166
12	111805000	111322000	112080000	471.287
12	111920000	111411000	112126000	471.277
12	112104000	111883000	112376000	470.98
2A	62526400	62241900	62633300	468.654
17	36961300	36545500	37025500	468.379
15	46457700	46059100	46693200	468.248
1	152407000	152170000	152786000	467.821
12	40506100	40238700	40720300	467.49
7	5291010	5172130	5387890	467.191
2A	62126800	61751500	62411300	466.513
12	110913000	110842000	111178000	465.877
12	111856000	111378000	112095000	464.787
12	39629800	39426200	39890300	464.129
15	82827900	82815800	83013200	463.793
2A	62112500	61734600	62394200	462.991
12	38789700	38582200	38995600	462.562
2A	62218600	61829900	62516200	462.488
17	37022500	36639600	37068200	462.207
12	110760000	110497000	110840000	462.039
7	5326350	5189960	5392970	461.934
12	40294400	40048200	40535100	461.44
15	61889700	61496700	62066200	460.777
15	46437600	46055700	46693200	460.583
16	30855600	30689400	31174700	460.304
16	72175400	71981500	72290300	460.224
12	112200000	112059000	112626000	460.062
2B	131635000	131521000	131739000	459.864
15	61884500	61484400	62061000	459.072
12	111965000	111424000	112137000	459.065
6	44130400	43943400	44316500	459.051
16	72027400	71921100	72199900	457.903
12	38674600	38390000	38867400	456.786
12	40559900	40331700	40801200	456.484
15	61927600	61538100	62115900	455.925
14	29938500	29622400	29960300	455.607
17	36909900	36516400	37025500	455.217
1	152416000	152173000	152820000	454.229
2B	131617000	131496000	131739000	454.151
5	77711200	77342700	78045400	453.885
2A	61530400	61415700	61914900	453.334
1	32288000	32022000	32533300	452.957
15	46576800	46071700	46698600	452.644
2A	62373000	62103300	62631600	452.326
2A	61810500	61475600	62170900	452.007
1	152286000	152151000	152701000	451.656
15	61940900	61541500	62117200	451.161
14	29741900	29579400	29956800	451.006
16	45585600	45433800	45803300	450.989
16	72009300	71870600	72196800	450.854
2A	62031600	61663700	62332100	450.76
19	50768700	50591000	50880200	450.669
12	39952900	39679400	40207700	449.784
17	38194800	37872800	38477600	448.95
12	124163000	123967000	124287000	448.451
19	15707700	15647900	15773700	448.342
2A	61772600	61467400	62146800	448.118
12	112014000	111458000	112145000	448.055
17	38298900	37889400	38485900	447.86
15	61807700	61456500	62038800	447.748
19	50660400	50535900	50794600	447.128
2A	62357300	62100900	62631600	446.325
2B	208635000	208462000	208729000	446.27
12	39800700	39572900	40013600	446.163
12	124156000	123961000	124287000	445.859
12	110926000	110842000	111178000	445.264
1	152373000	152170000	152769000	444.528
16	71827200	71576600	71995600	444.315
14	65918300	65713900	66197800	444.238
12	40544700	40327700	40798200	443.936
16	71809300	71575400	71987300	443.255
7	5286240	5169320	5383660	442.698
1	128093000	128076000	128512000	442.23
1	128159000	128076000	128591000	441.933
16	72020400	71916800	72199900	440.776
12	111992000	111442000	112142000	440.283
12	38662700	38380300	38843700	440.251
14	29955200	29693600	29964000	438.687
2A	61978200	61652500	62326000	438.498
12	110888000	110842000	111178000	438.358
12	40148100	39898100	40347600	437.983
17	28305800	28200900	28364900	437.633
12	124171000	123970000	124287000	437.419
12	110567000	110185000	110795000	436.961
12	40399000	40213400	40658200	434.447
16	29988500	29059400	30071900	434.262
17	36678500	36436600	37025500	434.22
12	110958000	110842000	111178000	433.898
15	46551800	46069100	46695000	433.875
6	86121500	86030300	86356500	433.654
12	38922600	38705400	39031200	433.646
2A	99652800	99494300	99721500	433.602
12	111040000	110842000	111179000	433.426
5	77988400	77699000	78352500	433.194
15	41365500	41263000	41655800	433.19
16	72162600	71980500	72289400	433.067
2A	62169300	61809000	62492600	433.027
16	72168700	71981500	72289400	431.506
16	30030600	29063100	30110400	430.723
14	65935700	65713900	66218100	430.277
19	50587900	50535300	50767900	429.633
14	65886800	65713900	66149000	429.578
15	61848700	61469200	62052500	429.334
17	66685100	66450500	66702500	429.16
12	112144000	112007000	112439000	427.889
16	71863700	71604500	72008000	427.4
17	38261700	37872800	38480900	426.873
12	39835700	39617000	40043400	426.862
12	38895200	38705400	39031200	426.793
2B	131715000	131573000	131739000	426.613
12	111840000	111369000	112088000	425.783
12	111883000	111396000	112104000	425.735
2A	61743800	61465100	62117000	425.604
12	110993000	110842000	111178000	424.059
20	33191500	32986200	33463800	423.926
15	61720700	61434100	62003400	423.5
17	36916500	36516400	37025500	422.992
16	30541500	30447700	30677600	422.807
12	38901700	38705400	39031200	422.261
2A	61573200	61421000	61929700	421.661
5	77904900	77691500	78125500	421.463
2A	62503400	62186000	62631800	421.342
16	71752400	71499200	71962100	421.267
14	65892800	65713900	66149900	420.914
12	35819100	35431500	36183600	420.846
15	82895300	82817000	83041800	419.483
12	38617900	38369600	38821800	419.444
12	40160600	39927100	40359600	418.967
17	66487300	66426900	66697500	418.93
12	38876500	38697100	39021000	418.618
12	124254000	124066000	124312000	418.427
12	38800400	38594700	38998400	418.398
12	35731900	35428900	36171200	418.341
12	124121000	123852000	124274000	418.041
17	66693500	66461200	66702500	417.438
7	5240650	5151130	5371470	416.917
2B	131720000	131573000	131739000	416.785
10	72016800	71777200	72252300	416.438
17	36859800	36504500	37025500	415.959
16	30018600	29063100	30097600	415.917
1	32306600	32022400	32533300	415.882
16	71943300	71715200	72094400	415.642
15	82848800	82816200	83017900	415.419
14	65911800	65713900	66191800	414.396
17	38150800	37864100	38475400	414.138
12	110903000	110842000	111178000	413.91
12	112128000	111925000	112378000	413.263
12	112334000	112080000	112902000	413.233
12	39971200	39679400	40214500	412.75
12	38868800	38691400	39021000	411.563
1	32054700	31988300	32383200	411.553
17	36984800	36575700	37025500	411.051
6	86078100	85909800	86241500	411
17	28431500	28364900	28566700	410.682
16	45621200	45433800	45840700	409.076
12	39758700	39567900	39986700	408.723
12	110497000	110149000	110776000	408.58
12	39806500	39576400	40015500	408.185
8	45394300	44678900	45765000	407.511
9	34250000	34201900	34490300	407.342
12	39650900	39426200	39898100	406.99
16	45508100	45192600	45687400	406.042
15	39471200	39389500	40350200	405.039
10	72201600	71869200	72252300	404.258
12	39545100	39408200	39680100	404.012
15	46568300	46070900	46697000	403.615
12	112376000	112122000	112987000	403.518
12	35701200	35428200	36130400	403.438
1	152306000	152152000	152732000	403.346
12	110657000	110377000	110840000	403.223
12	39994500	39759000	40257100	403.164
16	45520600	45433800	45697300	402.954
17	66689500	66457400	66702500	402.869
12	40300700	40048200	40535100	402.508
12	110941000	110842000	111178000	402.328
17	38339500	37948700	38512400	402.206
19	50549000	50535300	50760000	401.787
19	50730200	50540800	50861100	400.555
8	45514100	45010800	45812100	399.883
