Chr 	PhysPos	GenPos	PhysStart	PhysEnd	GenStart	GenEnd	3PCLR.Anc	3PCLR.Anc.S	3PCLR.A	3PCLR.A.S	3PCLR.B	3PCLR.B.S	XPCLRAC	XPCLRAC.S	XPCLRBC	XPCLRBC.S
23 	267	2.56e-06	267	130341	2.56e-06	0.00125127	-2.27374e-13	1e-08	8.55065e-05	1e-05	0.00212496	1e-05	0	1e-08	0.000449989	1e-05
23 	2462	2.364e-05	267	132978	2.56e-06	0.00127659	0.27894	0.0001	1.72269	0.0001	0	1e-08	1.05416	0.0001	0	1e-08
23 	6230	5.981e-05	267	136541	2.56e-06	0.00131079	0.510904	0.0001	0	1e-08	0.224625	0.0001	0.354756	0.0001	0.395695	0.0001
23 	9361	8.987e-05	267	139647	2.56e-06	0.00134061	0.143878	0.0001	-2.27374e-13	1e-08	1.69286	0.001	0	1e-08	2.58124	0.001
23 	13139	0.00012613	267	143183	2.56e-06	0.00137456	-4.54747e-13	1e-08	0.590056	0.0001	4.54747e-12	1e-06	1.09683	0.0001	1.13687e-13	1e-08
23 	17578	0.00016875	267	147681	2.56e-06	0.00141774	-2.27374e-13	1e-08	0.0243775	1e-05	0.0145726	1e-05	0.646103	0.0001	0	1e-08
23 	22346	0.00021452	267	152350	2.56e-06	0.00146256	3.22079	0.0001	0	1e-08	10.0648	0.001	2.01216	0.0001	19.4708	0.001
23 	25486	0.00024467	267	155774	2.56e-06	0.00149543	0	1e-08	0	1e-08	2.97595	0.0001	0	1e-08	1.99066	0.0001
23 	27438	0.0002634	267	157573	2.56e-06	0.0015127	1.45433	0.0001	0.544723	0.0001	4.66112	0.001	1.05074	0.0001	6.1505	0.001
23 	31602	0.00030338	267	161853	2.56e-06	0.00155379	19.5925	0.001	2.40194	0.0001	2.59668	0.0001	9.99655	0.001	22.3505	0.001
23 	33379	0.00032044	267	162925	2.56e-06	0.00156408	1.45213	0.0001	3.81262	0.0001	0.0203464	1e-05	4.43504	0.0001	64.4563	0.01
23 	35557	0.00034135	267	165767	2.56e-06	0.00159136	14.3504	0.001	0.986169	0.0001	3.55314	0.001	7.76862	0.001	12.7731	0.001
23 	39398	0.00037822	267	169494	2.56e-06	0.00162714	0.290845	0.0001	-2.27374e-13	1e-08	9.31588	0.001	0	1e-08	13.3753	0.001
23 	41908	0.00040232	267	172000	2.56e-06	0.0016512	5.1916	0.0001	0.0011057	1e-05	7.2345	0.001	3.46167	0.0001	20.3522	0.001
23 	44198	0.0004243	267	174816	2.56e-06	0.00167823	19.2794	0.001	0.0025731	1e-05	15.6432	0.001	2.03957	0.0001	31.4347	0.001
23 	47677	0.0004577	267	177764	2.56e-06	0.00170653	20.6585	0.001	-4.54747e-13	1e-08	28.2707	0.001	4.21621	0.001	46.493	0.01
23 	50620	0.00048595	267	179793	2.56e-06	0.00172601	40.9263	0.001	8.20118	0.001	24.305	0.001	27.7595	0.001	56.0659	0.01
23 	53495	0.00051355	267	183721	2.56e-06	0.00176372	19.9576	0.001	0.404029	0.0001	10.3772	0.001	3.91709	0.001	18.5089	0.001
23 	55581	0.00053358	267	185741	2.56e-06	0.00178311	-2.27374e-13	1e-08	-2.27374e-13	1e-08	0	1e-08	0	1e-08	0	1e-08
23 	57610	0.00055306	267	188070	2.56e-06	0.00180547	33.2336	0.001	5.60048	0.001	16.0386	0.001	30.106	0.001	36.2598	0.01
23 	61265	0.00058814	267	191314	2.56e-06	0.00183661	43.0259	0.001	3.18883	0.0001	5.58215	0.001	28.2026	0.001	50.2966	0.01
23 	62827	0.00060314	267	193027	2.56e-06	0.00185306	28.5581	0.001	3.30494	0.0001	1.58085	0.0001	14.4554	0.001	26.2366	0.001
23 	63735	0.00061186	267	194052	2.56e-06	0.0018629	101.119	0.01	14.5095	0.001	25.5752	0.001	34.1431	0.001	48.4077	0.01
23 	66742	0.00064072	267	196794	2.56e-06	0.00188922	18.364	0.001	11.6749	0.001	17.9062	0.001	15.8086	0.001	24.364	0.001
23 	69198	0.0006643	267	199199	2.56e-06	0.00191231	22.3574	0.001	8.98114	0.001	26.3533	0.001	17.4497	0.001	35.3094	0.001
23 	70808	0.00067976	267	200830	2.56e-06	0.00192797	23.9789	0.001	0.813714	0.0001	9.72549	0.001	7.93704	0.001	41.0141	0.001
23 	72473	0.00069574	267	202666	2.56e-06	0.00194559	8.37072	0.001	0	1e-08	11.184	0.001	5.82045	0.001	13.2382	0.001
23 	74418	0.00071441	267	204235	2.56e-06	0.00196066	0.064276	0.0001	0.686924	0.0001	0.656216	0.0001	0.704081	0.0001	4.961	0.0001
23 	77239	0.00074149	267	207325	2.56e-06	0.00199032	0.154271	1e-05	0.24642	1e-05	2.32876	0.0001	0.226464	1e-05	3.46673	0.0001
23 	78250	0.0007512	267	208536	2.56e-06	0.00200195	-2.27374e-13	1e-08	-2.27374e-13	1e-08	7.16145	0.001	0	1e-08	8.88777	0.001
23 	82141	0.00078855	267	212282	2.56e-06	0.00203791	0.0106182	0.0001	17.79	0.001	4.32194	0.001	6.66675	0.001	0.315393	0.0001
23 	86012	0.00082572	267	216366	2.56e-06	0.00207711	0.615963	0.0001	-2.27374e-13	1e-08	1.72508	0.0001	0	1e-08	1.33074	0.0001
23 	90321	0.00086708	267	220829	2.56e-06	0.00211996	-2.27374e-13	1e-08	-2.27374e-13	1e-08	1.44597	0.0001	0	1e-08	1.19978	0.0001
23 	93847	0.00090093	267	224015	2.56e-06	0.00215054	13.1048	0.001	2.19118	0.001	11.8556	0.001	9.50713	0.001	65.5116	0.01
23 	98374	0.00094439	267	229878	2.56e-06	0.00220683	11.2304	0.001	0.223908	0.0001	17.0806	0.001	2.43117	0.001	18.3681	0.001
23 	101126	0.00097081	267	231320	2.56e-06	0.00222067	0.155501	0.0001	0.0523024	0.0001	0.173355	0.0001	0.12632	0.0001	0.182742	0.0001
23 	104456	0.00100278	267	234502	2.56e-06	0.00225122	0.0639065	1e-05	5.08825	0.0001	2.03859	0.001	2.78524	0.0001	0	1e-08
23 	106764	0.00102493	267	237006	2.56e-06	0.00227526	0.0260299	0.0001	-4.54747e-13	1e-08	10.2455	0.001	0.603969	0.001	3.56731	0.001
23 	108298	0.00103966	267	238619	2.56e-06	0.00229074	1.3044	0.0001	0	1e-08	2.39545	0.0001	0.516809	0.0001	2.40433	0.0001
23 	111223	0.00106774	267	241095	2.56e-06	0.00231451	1.87648	0.0001	0.441257	1e-05	0.468915	1e-05	0.910444	1e-05	2.70238	0.0001
23 	112184	0.00107697	267	242333	2.56e-06	0.0023264	16.9666	0.001	0.462116	0.0001	12.6492	0.001	4.56189	0.001	52.4976	0.01
23 	114808	0.00110216	267	244981	2.56e-06	0.00235182	-2.27374e-13	1e-08	11.2713	0.001	0.000605668	0.0001	5.20191	0.001	0	1e-08
23 	117295	0.00112603	267	247632	2.56e-06	0.00237727	0.116389	0.0001	1.69844	0.0001	0.249531	0.0001	0.986347	0.0001	0	1e-08
23 	119743	0.00114953	267	250333	2.56e-06	0.0024032	7.57776	0.0001	3.70688	0.0001	0.433283	1e-05	10.8025	0.0001	0.838114	1e-05
23 	120811	0.00115979	267	250946	2.56e-06	0.00240908	3.75419	0.001	2.17711	0.001	0.684165	0.0001	4.71351	0.001	1.1987	0.0001
23 	123136	0.00118211	267	254162	2.56e-06	0.00243996	5.89811	0.001	6.40872	0.001	0.759455	0.001	9.13258	0.001	0.0778384	0.0001
23 	126301	0.00121249	267	256972	2.56e-06	0.00246693	0	1e-08	5.62603	0.001	2.20162	0.0001	7.94728	0.001	0.587146	0.0001
23 	130341	0.00125127	267	260490	2.56e-06	0.0025007	12.6492	0.001	7.04442	0.001	0	1e-08	14.6669	0.001	2.86092	0.001
23 	133214	0.00127885	2881	263218	2.766e-05	0.00252689	18.0044	0.001	2.8348	0.0001	2.75014	0.0001	13.4856	0.001	11.2057	0.001
23 	135086	0.00129683	4852	265420	4.658e-05	0.00254803	16.2284	0.001	12.602	0.001	0	1e-08	20.1898	0.001	1.33793	0.001
23 	137793	0.00132281	7485	267963	7.186e-05	0.00257244	20.1612	0.001	7.22169	0.001	3.33239	0.001	14.4838	0.001	14.5146	0.001
23 	140943	0.00135305	10611	271162	0.00010187	0.00260316	41.2242	0.001	4.51456	0.0001	4.39758	0.0001	31.4226	0.001	35.6243	0.001
23 	143183	0.00137456	13139	273403	0.00012613	0.00262467	2.19122	0.0001	-2.27374e-13	1e-08	4.35402	0.0001	0.106813	1e-05	20.2414	0.001
23 	146104	0.0014026	16093	276266	0.00015449	0.00265215	11.5947	0.001	10.242	0.001	0.0229583	0.0001	13.2943	0.001	0.224768	0.001
23 	149905	0.00143909	19665	280129	0.00018878	0.00268924	0.698941	1e-05	0.0562998	1e-05	2.26548	0.0001	0.545163	1e-05	0.819314	1e-05
23 	154781	0.0014859	24206	284552	0.00023238	0.0027317	2.16718	0.001	0.252214	0.0001	0.288472	0.0001	0.532283	0.0001	0.937809	0.001
23 	157070	0.00150787	26942	287405	0.00025864	0.00275909	0	1e-08	0	1e-08	0	1e-08	0	1e-08	0	1e-08
23 	160675	0.00154248	30430	290349	0.00029213	0.00278735	0.356469	1e-05	0	1e-08	0.371907	1e-05	0.270611	1e-05	1.57203	0.0001
23 	162022	0.00155541	31602	292205	0.00030338	0.00280517	0	1e-08	1.60289	0.0001	1.26856e-06	1e-05	0.720681	0.0001	0	1e-08
23 	164852	0.00158258	35023	294996	0.00033622	0.00283196	5.92952	0.0001	0	1e-08	8.33752	0.0001	0.352579	1e-05	11.5613	0.0001
23 	166789	0.00160117	36779	297030	0.00035308	0.00285149	-2.27374e-13	1e-08	0	1e-08	0	1e-08	0	1e-08	0	1e-08
23 	168903	0.00162147	38652	299413	0.00037106	0.00287436	-2.27374e-13	1e-08	-2.27374e-13	1e-08	1.60644e-08	1e-05	0	1e-08	1.47398e-08	1e-05
23 	169995	0.00163195	39965	300300	0.00038366	0.00288288	8.37747	0.001	2.27359	0.0001	1.20516	0.0001	3.1092	0.0001	2.85492	0.0001
23 	170854	0.0016402	40512	300645	0.00038892	0.00288619	0	1e-08	2.06456	0.0001	1.99897	0.0001	2.98545e-06	1e-05	0.515664	0.0001
23 	175737	0.00168708	45656	305737	0.0004383	0.00293508	0	1e-08	0	1e-08	12.641	0.001	0	1e-08	10.5887	0.001
23 	182016	0.00174735	51846	313518	0.00049772	0.00300977	7.49447	0.001	3.79408	0.001	0.00383078	0.0001	10.3495	0.001	0.00767755	0.0001
23 	184766	0.00177375	54427	314892	0.0005225	0.00302296	13.6406	0.001	2.27973	0.0001	2.44307	0.0001	4.73217	0.0001	8.1724	0.001
23 	188070	0.00180547	57888	318565	0.00055572	0.00305822	36.1737	0.01	1.53219	0.0001	1.66716	0.0001	15.4559	0.001	16.1716	0.001
23 	191032	0.00183391	60852	321148	0.00058418	0.00308302	4.00629	0.001	-2.27374e-13	1e-08	6.29499	0.001	1.13972	0.001	8.53835	0.001
23 	198132	0.00190207	68072	328308	0.00065349	0.00315176	0	1e-08	0.263471	0.0001	0	1e-08	0.163541	0.0001	0	1e-08
23 	202097	0.00194013	71709	332528	0.00068841	0.00319227	10.0911	0.001	2.85451	0.001	3.11338	0.001	8.87296	0.001	6.89781	0.001
23 	205749	0.00197519	75584	336627	0.00072561	0.00323162	10.8443	0.001	1.25052	0.001	0.61589	0.0001	12.474	0.001	1.12832	0.0001
23 	211312	0.0020286	80874	341542	0.00077639	0.0032788	14.9932	0.0001	5.28449	0.0001	4.98609	0.0001	13.1317	0.0001	10.2918	0.001
23 	213848	0.00205294	83393	343994	0.00080057	0.00330234	0.957395	0.0001	0	1e-08	0.0118814	1e-05	0	1e-08	0.0380495	1e-05
23 	217293	0.00208601	87509	347507	0.00084009	0.00333607	2.73696	0.0001	2.59107	0.0001	0	1e-08	9.5549	0.001	1.10833	0.0001
23 	222645	0.00213739	92526	352848	0.00088825	0.00338734	0.00690516	1e-05	0	1e-08	0	1e-08	0.00774074	1e-05	0.609588	0.01
23 	229914	0.00220717	99706	360267	0.00095718	0.00345856	51.4962	0.01	5.09138	0.001	1.35881	0.001	10.5512	0.001	28.7813	0.01
23 	233786	0.00224435	103685	363936	0.00099538	0.00349379	51.4109	0.01	-4.54747e-13	1e-08	7.13244	0.001	0	1e-08	11.2526	0.001
23 	237314	0.00227821	107213	367362	0.00102924	0.00352668	8.49859	0.001	0.508215	0.0001	6.10412	0.001	1.05053	0.0001	13.4189	0.001
23 	240017	0.00230416	109834	370123	0.00105441	0.00355318	0.648348	0.0001	0.293418	0.0001	0.681463	0.0001	0.562067	0.0001	0.703566	0.0001
23 	244725	0.00234936	114432	374863	0.00109855	0.00359868	5.35815	0.001	-2.27374e-13	1e-08	7.02941	0.001	0	1e-08	13.7098	0.001
23 	248471	0.00238532	118309	378850	0.00113577	0.00363696	17.6129	0.001	-2.27374e-13	1e-08	0	1e-08	0.32498	0.0001	3.73185	0.001
23 	251365	0.0024131	121221	381640	0.00116372	0.00366374	36.3545	0.001	2.4486	0.0001	18.7326	0.001	23.8959	0.001	38.8669	0.001
23 	257450	0.00247152	127678	387942	0.00122571	0.00372424	11.0248	0.001	1.19887	0.0001	9.40646	0.001	3.4639	0.001	23.0018	0.001
23 	258730	0.00248381	128541	388977	0.00123399	0.00373418	5.34206	0.0001	0.26629	0.0001	2.53	0.0001	4.49719	0.0001	5.69076	0.0001
23 	260619	0.00250194	130341	390820	0.00125127	0.00375187	0.0110566	1e-05	-2.27374e-13	1e-08	0.0730647	1e-05	0	1e-08	0.109707	1e-05
23 	266786	0.00256115	136541	396972	0.00131079	0.00381093	4.89823	0.001	0.280189	0.0001	0.205136	0.0001	0.612373	0.0001	0.555064	0.0001
23 	269564	0.00258781	139487	399969	0.00133908	0.0038397	0	1e-08	0	1e-08	0.219231	0.0001	0	1e-08	0	1e-08
23 	272243	0.00261353	142040	402518	0.00136358	0.00386417	0	1e-08	0	1e-08	1.91277	0.0001	0	1e-08	0.817581	0.0001
23 	276022	0.00264981	145661	406096	0.00139835	0.00389852	16.6356	0.001	1.07379	0.0001	0.18029	1e-05	9.59866	0.001	7.1704	0.01
23 	280129	0.00268924	149905	410328	0.00143909	0.00393915	16.0019	0.001	0.580234	0.0001	6.32546	0.001	2.33018	0.0001	22.7438	0.001
23 	286948	0.0027547	156767	417066	0.00150496	0.00400383	2.12775	0.0001	1.16019	0.001	0.906697	0.0001	4.89546	0.001	1.74878	0.0001
23 	291708	0.0028004	161571	422129	0.00155108	0.00405244	2.00681	0.01	2.03747	0.001	0	1e-08	3.27514	0.001	0	1e-08
23 	294333	0.0028256	164261	424514	0.00157691	0.00407533	27.4829	0.001	4.81659	0.001	1.10637	0.0001	25.1921	0.001	8.27246	0.001
23 	296120	0.00284275	165767	426420	0.00159136	0.00409363	1.21989	0.0001	0	1e-08	1.36536	0.0001	4.1033e-09	1e-05	2.20186	0.0001
23 	298647	0.00286701	168584	428953	0.00161841	0.00411795	9.34274	0.001	0.0468947	0.0001	0.207761	0.0001	0.150238	0.0001	6.54399	0.001
23 	304193	0.00292025	174816	434416	0.00167823	0.00417039	91.4656	0.01	8.50666	0.001	6.68703	0.001	32.5095	0.01	48.5928	0.01
23 	310669	0.00298242	179793	440833	0.00172601	0.004232	59.277	0.01	3.90439	0.001	11.798	0.001	29.1765	0.01	37.0281	0.01
23 	317302	0.0030461	186729	447449	0.0017926	0.00429551	49.2245	0.01	0.0450504	1e-05	0	1e-08	7.10439	0.001	0	1e-08
23 	322152	0.00309266	191992	452260	0.00184312	0.0043417	0.41413	0.0001	0.452717	0.0001	0.438619	0.0001	3.99469	0.001	0.503634	0.0001
23 	325436	0.00312419	195339	455718	0.00187525	0.00437489	0.698941	1e-05	0.056299	1e-05	4.32593	0.0001	0.545163	1e-05	3.94662	0.0001
23 	328968	0.00315809	198801	459569	0.00190849	0.00441186	0	1e-08	0	1e-08	0	1e-08	0	1e-08	0	1e-08
23 	331999	0.00318719	202097	461705	0.00194013	0.00443237	0	1e-08	0	1e-08	0.167195	0.0001	0	1e-08	0	1e-08
23 	337099	0.00323615	207259	467248	0.00198969	0.00448558	1.01986	0.0001	-2.27374e-13	1e-08	0.224878	0.0001	1.03336	0.0001	1.38326	0.0001
23 	339717	0.00326128	209526	469927	0.00201145	0.0045113	9.76115e-09	1e-05	0	1e-08	0	1e-08	9.9584e-09	1e-05	6.60793e-09	1e-05
23 	342466	0.00328767	212282	472692	0.00203791	0.00453784	-2.27374e-13	1e-08	-2.27374e-13	1e-08	0	1e-08	0	1e-08	0	1e-08
23 	346521	0.0033266	216366	476799	0.00207711	0.00457727	12.4102	0.001	0.268377	0.0001	9.37163	0.001	0.5544	0.0001	16.7164	0.001
23 	348496	0.00334556	218142	478159	0.00209416	0.00459033	7.90806e-10	1e-05	-2.27374e-13	1e-08	0	1e-08	5.98902e-10	1e-05	0.389895	0.0001
23 	352581	0.00338478	222645	482408	0.00213739	0.00463112	1.19803	0.0001	0.473366	0.0001	0.58558	0.0001	1.04379	0.0001	1.18954	0.0001
23 	355203	0.00340995	224456	485442	0.00215478	0.00466024	0	1e-08	0	1e-08	0	1e-08	0	1e-08	0	1e-08
23 	356998	0.00342718	227118	487293	0.00218033	0.00467801	1.68168	0.001	0	1e-08	0.692637	0.0001	0.216013	0.0001	0.666088	0.0001
23 	359655	0.00345269	229878	489662	0.00220683	0.00470076	12.9881	0.001	1.47107	0.0001	1.80677	0.0001	7.64819	0.001	8.9562	0.001
23 	363846	0.00349292	233551	493593	0.00224209	0.00473849	11.2562	0.001	0.0949285	0.0001	5.66393	0.001	0.863761	0.0001	12.2469	0.001
23 	366225	0.00351576	236426	496392	0.00226969	0.00476536	14.6535	0.01	0	1e-08	0	1e-08	0	1e-08	0	1e-08
23 	370383	0.00355568	240017	500745	0.00230416	0.00480715	13.9325	0.001	2.25268	0.001	6.52331	0.001	10.0763	0.001	11.4673	0.001
23 	377484	0.00362385	247632	507069	0.00237727	0.00486786	12.7891	0.001	3.42568	0.001	0.716257	0.0001	9.20024	0.001	0.890105	0.0001
23 	380904	0.00365668	250820	510754	0.00240787	0.00490324	2.455	0.001	2.8892	0.001	0	1e-08	3.59413	0.001	0	1e-08
23 	382890	0.00367574	252104	512894	0.0024202	0.00492378	70.901	0.01	6.74581	0.001	7.09098	0.001	12.6049	0.001	37.8374	0.01
23 	385783	0.00370352	255576	515765	0.00245353	0.00495134	-4.54747e-13	1e-08	-4.54747e-13	1e-08	5.55083e-05	1e-05	1.13687e-13	1e-08	0.513795	0.0001
23 	387345	0.00371851	257104	518413	0.0024682	0.00497676	2.10264	0.0001	0.812768	0.0001	1.55268	0.0001	1.63405	0.0001	2.51528	0.0001
23 	389292	0.0037372	259025	518413	0.00248664	0.00497676	14.6284	0.001	0.242388	0.0001	0	1e-08	9.94874	0.001	12.786	0.001
23 	392579	0.00376876	261947	522522	0.00251469	0.00501621	0.00419268	1e-05	-2.27374e-13	1e-08	0.28669	1e-05	0	1e-08	0.204274	1e-05
23 	396412	0.00380556	266432	526417	0.00255775	0.0050536	9.61632	0.001	0.225651	0.0001	0.306951	0.0001	2.18016	0.001	0.546616	0.0001
23 	398281	0.0038235	267963	529414	0.00257244	0.00508237	7.19366	0.0001	0.58211	0.0001	0.583686	0.0001	4.374	0.0001	4.41581	0.0001
23 	400519	0.00384498	270276	530335	0.00259465	0.00509122	15.2771	0.001	0.433199	0.0001	0.611286	0.0001	0.814163	0.0001	10.0412	0.001
23 	405042	0.0038884	275193	535097	0.00264185	0.00513693	0	1e-08	0	1e-08	0	1e-08	0	1e-08	0	1e-08
23 	407021	0.0039074	277094	536844	0.0026601	0.0051537	4.45722	0.0001	0.000370937	1e-05	1.60205	0.0001	2.9837	0.0001	4.61947	0.0001
23 	409319	0.00392946	278928	539549	0.00267771	0.00517967	0	1e-08	0	1e-08	0	1e-08	0	1e-08	0	1e-08
23 	411417	0.0039496	280712	541743	0.00269484	0.00520073	8.55655	0.001	1.05252	0.0001	1.15206	0.0001	2.16969	0.0001	8.79591	0.001
23 	414511	0.00397931	284299	545153	0.00272927	0.00523347	0.130211	0.0001	0.0535823	0.0001	0.332585	0.0001	0.0195462	0.0001	0.643474	0.0001
23 	416934	0.00400257	286948	547632	0.0027547	0.00525727	0	1e-08	0	1e-08	0	1e-08	0	1e-08	0	1e-08
23 	421699	0.00404831	291620	551935	0.00279955	0.00529858	6.23861	1e-05	0.661135	1e-05	1.691	1e-05	6.43899	1e-05	8.19585	1e-05
23 	422982	0.00406063	292741	553401	0.00281031	0.00531265	-2.27374e-13	1e-08	-2.27374e-13	1e-08	0	1e-08	0	1e-08	0	1e-08
23 	427136	0.00410051	296935	557192	0.00285058	0.00534904	16.02	0.001	1.23938	0.001	3.5041	0.001	13.882	0.001	16.3931	0.001
23 	429197	0.00412029	298647	559430	0.00286701	0.00537053	0.115991	1e-05	1.14872	1e-05	0	1e-08	0.666699	1e-05	0	1e-08
23 	432555	0.00415253	302996	562736	0.00290876	0.00540227	0	1e-08	0	1e-08	0	1e-08	0	1e-08	0	1e-08
23 	434627	0.00417242	304212	565385	0.00292044	0.0054277	21.7249	0.001	7.60406	0.001	0	1e-08	22.256	0.001	8.6671	0.001
23 	440702	0.00423074	310579	571706	0.00298156	0.00548838	14.9077	0.001	0.440781	0.0001	3.07096	0.001	8.68252	0.001	11.4907	0.001
23 	445315	0.00427502	314892	576044	0.00302296	0.00553002	0.228381	0.0001	0.0266848	0.0001	0.273867	0.0001	0.198689	0.0001	0.307857	0.0001
23 	446941	0.00429063	316473	577045	0.00303814	0.00553963	1.14592	0.0001	0.684654	0.0001	0.644333	0.0001	1.60955	0.0001	0.852642	0.0001
23 	448528	0.00430587	318565	578406	0.00305822	0.0055527	18.0251	0.001	0.0321149	1e-05	3.06668	0.0001	2.40076	0.0001	10.4451	0.001
23 	452260	0.0043417	322152	582736	0.00309266	0.00559427	11.6201	0.001	0.357653	0.0001	7.24163	0.001	3.51035	0.001	13.2041	0.001
23 	454706	0.00436518	324498	585055	0.00311518	0.00561653	57.0929	0.01	7.63733	0.001	10.9783	0.001	17.92	0.001	18.7604	0.001
23 	458352	0.00440018	328308	589046	0.00315176	0.00565484	25.5819	0.001	3.01114	0.0001	10.7511	0.001	9.68997	0.0001	34.6564	0.001
23 	463597	0.00445053	333458	593563	0.0032012	0.0056982	42.341	0.001	6.20559	0.001	13.2592	0.001	27.4601	0.001	37.4448	0.001
23 	467248	0.00448558	337099	598097	0.00323615	0.00574173	39.0887	0.01	6.47722	0.001	0.760937	0.001	9.83628	0.001	7.16749	0.001
23 	470775	0.00451944	340539	601021	0.00326917	0.0057698	11.7013	0.001	9.25681	0.001	0.754228	0.0001	13.609	0.001	1.6207	0.0001
23 	474335	0.00455362	344125	604621	0.0033036	0.00580436	4.85601	0.0001	2.01018	0.0001	1.47304	0.0001	4.34229	0.0001	4.08932	0.0001
23 	476799	0.00457727	346521	607031	0.0033266	0.0058275	-2.27374e-13	1e-08	0.0255731	1e-05	0.0136736	1e-05	0.00512202	1e-05	0	1e-08
23 	481145	0.00461899	350716	611172	0.00336687	0.00586725	0.166401	0.0001	16.1624	0.001	0	1e-08	14.5131	0.001	0	1e-08
23 	484730	0.00465341	354613	614928	0.00340428	0.00590331	0.0156584	1e-05	7.13004	0.0001	3.39554	0.0001	4.96342	0.0001	0	1e-08
23 	487084	0.00467601	356956	616606	0.00342678	0.00591942	26.8371	0.001	3.55318	0.0001	0.861033	0.0001	21.3809	0.001	11.8812	0.001
23 	489032	0.00469471	358930	619346	0.00344573	0.00594572	3.42548e-05	1e-05	0.00159737	1e-05	4.89024	0.0001	0	1e-08	4.49008	0.0001
23 	492710	0.00473002	362047	622739	0.00347565	0.00597829	0.780301	0.0001	0.927099	0.0001	1.45285	0.0001	0.575402	0.0001	1.73149	0.0001
23 	496392	0.00476536	366225	627017	0.00351576	0.00601936	77.2412	0.01	11.2998	0.001	3.15435	0.001	70.7566	0.01	14.6031	0.001
23 	500745	0.00480715	370552	631102	0.0035573	0.00605858	51.076	0.01	6.48455	0.001	2.7124	0.001	41.0839	0.01	21.0056	0.01
23 	503537	0.00483396	372017	633753	0.00357136	0.00608403	8.75919	0.01	0.0387212	1e-05	0	1e-08	56.2347	0.01	0	1e-08
23 	512725	0.00492216	382565	642935	0.00367262	0.00617218	112.963	0.01	3.39557	0.001	5.17391	0.001	95.6768	0.01	103.988	0.01
23 	520806	0.00499974	390522	651352	0.00374901	0.00625298	10.9713	0.001	9.69645	0.001	0	1e-08	18.2188	0.01	2.51234	0.001
23 	530335	0.00509122	400157	660471	0.00384151	0.00634052	124.828	0.01	30.7352	0.01	7.41797	0.001	115.677	0.01	54.4465	0.01
23 	538113	0.00516588	407973	667988	0.00391654	0.00641268	78.9755	0.01	5.3766	0.001	9.46887	0.001	51.779	0.01	63.726	0.01
23 	541084	0.00519441	411131	670984	0.00394686	0.00644145	20.8821	0.001	2.1223	0.0001	2.0825	0.0001	17.0531	0.001	13.3355	0.001
23 	545224	0.00523415	415113	675826	0.00398508	0.00648793	78.9757	0.01	6.1044	0.001	6.52742	0.001	13.4069	0.001	54.4258	0.01
23 	549557	0.00527575	419321	679804	0.00402548	0.00652612	72.3779	0.01	0.84895	0.0001	3.45131e-09	1e-05	37.4079	0.01	37.4874	0.01
23 	554589	0.00532405	424446	684717	0.00407468	0.00657328	0	1e-08	2.35667	0.0001	20.0196	0.001	0	1e-08	28.7563	0.001
23 	558973	0.00536614	428953	689150	0.00411795	0.00661584	19.6627	0.001	7.39671	0.001	22.2344	0.001	18.8467	0.001	101.928	0.01
23 	561970	0.00539491	431866	692224	0.00414591	0.00664535	85.154	0.01	8.29564	0.001	0.196715	0.001	48.7228	0.01	32.5504	0.01
23 	567081	0.00544398	437771	697409	0.0042026	0.00669513	28.6894	0.01	1.47002	0.0001	2.06945	0.0001	10.4578	0.001	22.4801	0.01
23 	572018	0.00549137	441383	702390	0.00423728	0.00674294	6.80711	0.001	0.240227	0.0001	14.4409	0.001	0.43435	0.0001	16.759	0.001
23 	576316	0.00553263	446147	706480	0.00428301	0.00678221	0.000211378	1e-05	0	1e-08	3.54179	0.0001	2.05789e-05	1e-05	2.73153	0.0001
23 	579787	0.00556596	449699	710321	0.00431711	0.00681908	0.12779	0.0001	0	1e-08	12.0956	0.001	0	1e-08	13.575	0.001
23 	581503	0.00558243	451450	711446	0.00433392	0.00682988	0.201395	0.0001	2.27374e-13	1e-08	0.778478	0.0001	0	1e-08	0.970214	0.0001
23 	584697	0.00561309	454528	714921	0.00436347	0.00686324	9.54027	0.01	0	1e-08	35.8146	0.01	0	1e-08	68.996	0.01
23 	590439	0.00566821	460315	720824	0.00441902	0.00691991	-2.27374e-13	1e-08	-2.27374e-13	1e-08	0	1e-08	0.000234367	1e-05	47.8568	0.01
23 	593013	0.00569292	463009	723399	0.00444489	0.00694463	2.27374e-13	1e-08	0.773164	0.0001	2.27374e-13	1e-08	0.443055	0.0001	0	1e-08
23 	598715	0.00574766	468531	728651	0.0044979	0.00699505	0.369701	0.001	0.1573	0.0001	0.156132	0.0001	0.201469	0.0001	15.5069	0.01
23 	604412	0.00580236	474097	734501	0.00455133	0.00705121	-2.27374e-13	1e-08	-2.27374e-13	1e-08	0	1e-08	0	1e-08	0	1e-08
23 	607285	0.00582994	477112	737562	0.00458028	0.0070806	46.3177	0.01	0.57365	0.001	7.09188	0.001	8.83956	0.001	35.416	0.01
23 	609991	0.00585591	479745	740047	0.00460555	0.00710445	0.0953371	0.001	0	1e-08	1.39275	0.0001	0	1e-08	2.00003	0.01
23 	613482	0.00588943	483305	743729	0.00463973	0.0071398	3.43564	0.001	-4.54747e-13	1e-08	0.661386	0.0001	1.26966	0.0001	17.2237	0.01
23 	615949	0.00591311	485978	746064	0.00466539	0.00716221	0.292251	0.0001	-2.27374e-13	1e-08	1.39306	0.001	0.164925	0.0001	0.368188	0.001
23 	620803	0.00595971	490362	751061	0.00470748	0.00721019	0.0137457	1e-05	0.018339	1e-05	0	1e-08	0.037891	1e-05	4.48106	0.01
23 	623796	0.00598844	493593	754000	0.00473849	0.0072384	49.4947	0.01	0.110878	1e-05	16.2245	0.01	3.21618	0.001	87.2931	0.01
23 	627276	0.00602185	497269	756874	0.00477378	0.00726599	22.19	0.01	0.549012	0.0001	13.8805	0.001	3.72788	0.001	22.2941	0.001
23 	630273	0.00605062	500429	760161	0.00480412	0.00729755	6.04026	0.001	2.71201	0.001	0.863896	0.001	10.574	0.001	3.89867	0.001
23 	634068	0.00608705	503537	764107	0.00483396	0.00733543	3.21141	0.0001	0.0579805	1e-05	5.28529	0.0001	0.126149	1e-05	16.0861	0.001
23 	636105	0.00610661	506959	766664	0.00486681	0.00735997	12.457	0.001	0.891007	0.001	10.2885	0.001	6.81849	0.001	14.0769	0.001
23 	642643	0.00616937	512725	773006	0.00492216	0.00742086	1.49459	0.0001	0	1e-08	0	1e-08	0.120899	1e-05	0.112537	1e-05
23 	644970	0.00619171	514706	775033	0.00494118	0.00744032	20.1724	0.001	4.87858	0.001	0.01131	0.0001	14.4357	0.001	8.69557	0.001
23 	648840	0.00622886	518413	778811	0.00497676	0.00747659	40.8267	0.01	5.31795	0.001	13.2497	0.001	18.3695	0.001	55.0638	0.01
23 	652264	0.00626173	522522	782282	0.00501621	0.00750991	16.168	0.001	2.64645	0.0001	6.55977	0.001	7.6709	0.0001	20.3637	0.001
23 	656858	0.00630584	526417	787115	0.0050536	0.0075563	11.9817	0.001	1.40292	0.0001	1.5873	0.0001	6.16098	0.001	4.45766	0.001
23 	659260	0.0063289	529414	789689	0.00508237	0.00758101	4.27877	0.001	0.741277	0.0001	1.03085	0.0001	1.56442	0.0001	1.72403	0.01
23 	661728	0.00635259	531551	792151	0.00510289	0.00760465	59.2432	0.01	4.09884	0.001	0.486466	0.0001	22.0316	0.01	10.9822	0.01
23 	664804	0.00638212	535097	794672	0.00513693	0.00762885	24.7256	0.001	1.22364	0.0001	1.34771	0.0001	2.56938	0.0001	22.7051	0.001
23 	670259	0.00643449	539941	800378	0.00518343	0.00768363	-2.27374e-13	1e-08	-2.27374e-13	1e-08	0	1e-08	0	1e-08	0	1e-08
23 	676465	0.00649406	545992	806679	0.00524152	0.00774412	42.1072	0.01	7.26835	0.001	2.60565	0.001	12.9421	0.001	9.47322	0.001
23 	679052	0.0065189	548845	809255	0.00526891	0.00776885	12.3153	0.001	1.82063	0.0001	2.10733	0.0001	3.88011	0.0001	4.04062	0.0001
23 	682283	0.00654992	551935	812767	0.00529858	0.00780256	56.1932	0.01	5.09994	0.001	0.66941	0.001	40.5901	0.01	11.3887	0.01
23 	686814	0.00659341	557055	816887	0.00534773	0.00784212	21.8831	0.001	7.13269	0.001	0.0681627	0.0001	17.5064	0.001	10.928	0.001
23 	690455	0.00662837	560323	820020	0.0053791	0.00787219	9.0422	0.01	0.466596	0.001	0.716995	0.001	8.30953	0.001	3.90199	0.001
23 	692461	0.00664763	561970	822545	0.00539491	0.00789643	3.70091	0.0001	2.35733	0.0001	0	1e-08	3.89212	0.0001	2.4137	0.0001
23 	694718	0.00666929	564266	824720	0.00541695	0.00791731	0.000590696	1e-05	0.0996335	0.0001	2.12889	0.0001	0	1e-08	6.35954	0.0001
23 	697409	0.00669513	567081	827623	0.00544398	0.00794518	0.580942	0.0001	0	1e-08	0	1e-08	0.964425	0.0001	0.494326	0.0001
23 	699763	0.00671772	569514	830283	0.00546733	0.00797072	0.964903	1e-05	0.429863	1e-05	0.456478	1e-05	13.9084	0.01	0.876257	1e-05
23 	703594	0.0067545	573027	833755	0.00550106	0.00800405	0.0310886	0.0001	-2.27374e-13	1e-08	0.732452	0.0001	-1.13687e-13	1e-08	1.17777	0.0001
23 	706967	0.00678688	576726	837090	0.00553657	0.00803606	0.0811876	0.0001	-2.27374e-13	1e-08	0.290097	0.0001	-1.13687e-13	1e-08	0.261182	0.0001
23 	710321	0.00681908	580090	840361	0.00556886	0.00806747	0	1e-08	0	1e-08	0.458476	0.0001	0	1e-08	0.73289	0.0001
23 	713979	0.0068542	583337	844675	0.00560004	0.00810888	2.4711e-09	1e-06	1.01562	1e-05	1.98845	1e-05	0.095381	1e-05	2.74563	1e-05
23 	718442	0.00689704	589046	848683	0.00565484	0.00814736	79.1025	0.01	6.21743	0.001	16.7679	0.001	21.2218	0.001	27.8721	0.001
23 	721839	0.00692965	591948	852123	0.0056827	0.00818038	12.4429	0.001	1.44267	0.0001	1.6357	0.0001	9.99185	0.001	13.1616	0.001
23 	725210	0.00696202	594941	855615	0.00571143	0.0082139	4.2508	0.001	0.11074	0.001	3.01476	0.001	2.52081	0.001	5.66705	0.001
23 	729840	0.00700646	599121	859936	0.00575156	0.00825539	28.3537	0.01	4.91711	0.001	9.80674	0.001	14.3249	0.001	17.6326	0.001
23 	731851	0.00702577	601700	862077	0.00577632	0.00827594	12.8198	0.001	4.81025	0.001	12.7308	0.001	12.6452	0.001	17.7281	0.001
23 	735541	0.00706119	605525	865728	0.00581304	0.00831099	2.33865	0.0001	0.00158722	1e-05	12.0446	0.001	2.09062	0.001	17.5832	0.001
23 	737562	0.0070806	607285	867670	0.00582994	0.00832963	15.9863	0.001	7.60479	0.001	11.7727	0.001	17.2788	0.001	17.6838	0.001
23 	742030	0.00712349	611888	872832	0.00587412	0.00837919	6.93272	0.001	2.26299	0.001	2.95153	0.0001	10.1156	0.001	4.25122	0.0001
23 	745933	0.00716096	615706	875996	0.00591078	0.00840956	91.7499	0.01	1.09202	0.001	29.8748	0.01	48.0004	0.01	100.526	0.01
23 	748758	0.00718808	618693	878913	0.00593945	0.00843756	17.5844	0.01	0.688289	0.0001	12.771	0.001	4.72872	0.001	44.7103	0.01
23 	750863	0.00720828	620803	881391	0.00595971	0.00846135	6.76429	0.001	0.626828	0.001	0.055348	0.0001	5.3822	0.001	0.0526579	0.0001
23 	755005	0.00724805	624667	885520	0.0059968	0.00850099	9.17539	0.001	0.0739752	0.0001	0.614811	0.001	0.544129	0.001	12.8598	0.001
23 	759232	0.00728863	629133	889344	0.00603968	0.0085377	-2.27374e-13	1e-08	5.73601	0.001	15.5435	0.01	5.80449	0.001	14.411	0.01
23 	764907	0.00734311	634788	895382	0.00609396	0.00859567	0.777687	0.0001	0	1e-08	17.4211	0.001	0	1e-08	14.696	0.001
23 	767421	0.00736724	636179	897676	0.00610732	0.00861769	4.53071	0.01	0	1e-08	1.82554	0.0001	1.09921	0.0001	4.80181	0.001
23 	769716	0.00738927	639383	900050	0.00613808	0.00864048	5.42585	0.001	0.647241	0.0001	10.5201	0.01	1.6135	0.0001	78.5905	0.01
23 	773286	0.00742355	643216	903481	0.00617487	0.00867342	-2.27374e-13	1e-08	0.06879	1e-05	0.349806	1e-05	0	1e-08	0.954934	1e-05
23 	777560	0.00746458	648271	907536	0.0062234	0.00871235	19.2266	0.01	1.68689	0.0001	1.7759	0.0001	5.32925	0.001	24.5799	0.01
23 	781805	0.00750533	651572	912150	0.00625509	0.00875664	44.2463	0.01	3.77233	0.001	6.88093	0.001	17.6654	0.01	17.299	0.01
23 	787328	0.00755835	656868	917888	0.00630593	0.00881172	10.7608	0.001	1.2143	0.0001	1.9637	0.0001	3.48461	0.0001	3.84677	0.0001
23 	789843	0.00758249	659572	920210	0.00633189	0.00883402	55.9489	0.01	3.2779e-05	0.0001	20.9165	0.01	5.32655	0.001	77.7113	0.01
23 	794672	0.00762885	664389	924878	0.00637813	0.00887883	15.2125	0.001	0.182865	0.001	6.09147	0.001	12.5123	0.001	44.1061	0.01
23 	798481	0.00766542	667988	928403	0.00641268	0.00891267	12.0829	0.001	2.3196	0.0001	2.63072	0.0001	11.2453	0.001	14.2858	0.001
23 	802598	0.00770494	672864	932653	0.00645949	0.00895347	15.0432	0.001	3.65758e-08	1e-05	24.7471	0.001	1.76156	0.0001	80.721	0.01
23 	804784	0.00772593	674665	935132	0.00647678	0.00897727	0.428056	1e-05	-2.27374e-13	1e-08	0.893615	1e-05	0.0822816	1e-05	0.828937	1e-05
23 	807285	0.00774994	677011	937503	0.00649931	0.00900003	1.22644	0.0001	0	1e-08	0.779373	0.0001	0.847981	0.0001	1.62159	0.0001
23 	809077	0.00776714	678924	939271	0.00651767	0.009017	29.8431	0.001	0.430384	0.0001	1.80448	0.001	1.27553	0.0001	18.4639	0.001
23 	810683	0.00778256	680538	940955	0.00653316	0.00903317	1.31807	0.0001	0	1e-08	1.26173	0.0001	0.705973	0.0001	2.08717	0.0001
23 	813371	0.00780836	683232	943516	0.00655903	0.00905775	17.5263	0.001	0	1e-08	17.8466	0.001	0.501503	0.0001	30.8696	0.001
23 	816859	0.00784185	686719	946855	0.0065925	0.00908981	1.79755	0.0001	0	1e-08	5.15057	0.0001	0.480863	1e-05	5.27098	0.0001
23 	818932	0.00786175	688783	949061	0.00661232	0.00911099	1.37584	0.0001	0.310518	0.0001	1.53438	0.0001	0.677618	0.0001	2.1465	0.0001
23 	822935	0.00790018	692680	952925	0.00664973	0.00914808	3.2216e-06	1e-05	0	1e-08	3.19773e-05	1e-05	5.41515e-06	1e-05	1.92068	0.0001
23 	827318	0.00794225	697409	957381	0.00669513	0.00919086	4.79595	0.001	1.4322	0.0001	4.77572	0.001	2.87435	0.0001	8.78854	0.001
23 	830849	0.00797615	700609	961130	0.00672585	0.00922685	2.72313	0.0001	0.347591	0.0001	3.2499	0.0001	1.58277	0.0001	7.20787	0.001
23 	832835	0.00799522	702390	963469	0.00674294	0.0092493	9.47906	0.001	0.169614	0.0001	13.0646	0.001	4.59518	0.001	47.5649	0.01
23 	835001	0.00801601	704883	965211	0.00676688	0.00926603	0.148749	0.0001	8.6402e-12	1e-05	8.86296	0.001	0	1e-08	10.7588	0.001
23 	839853	0.00806259	709247	969963	0.00680877	0.00931164	13.1841	0.001	1.82285	0.0001	2.10165	0.0001	9.48315	0.001	12.5684	0.001
23 	844675	0.00810888	714801	974900	0.00686209	0.00935904	-2.27374e-13	1e-08	-2.27374e-13	1e-08	0.0133285	1e-05	0	1e-08	0.007192	1e-05
23 	848507	0.00814567	718442	979249	0.00689704	0.00940079	0	1e-08	0	1e-08	0	1e-08	0	1e-08	0	1e-08
23 	852721	0.00818612	722790	982885	0.00693878	0.0094357	-2.27374e-13	1e-08	-2.27374e-13	1e-08	4.66861	0.001	0	1e-08	7.43289	0.001
23 	855679	0.00821452	725712	985831	0.00696684	0.00946398	6.32375	0.0001	2.83949	0.0001	1.70406	0.0001	4.26477	0.0001	3.55821	0.0001
23 	857869	0.00823554	727718	988113	0.00698609	0.00948588	1.99421	0.001	-2.27374e-13	1e-08	0.223928	0.0001	0.0221795	0.0001	0.424843	0.001
23 	859392	0.00825016	729657	989710	0.00700471	0.00950122	-2.27374e-13	1e-08	-2.27374e-13	1e-08	0.00312124	1e-05	0	1e-08	0	1e-08
23 	862987	0.00828468	732201	992929	0.00702913	0.00953212	1.99928	0.001	0.0745787	0.0001	0	1e-08	0.183557	0.0001	0	1e-08
23 	865728	0.00831099	735541	995365	0.00706119	0.0095555	0.815394	0.0001	0.854132	0.0001	0	1e-08	1.43988	0.0001	0	1e-08
23 	869042	0.0083428	738888	999230	0.00709332	0.00959261	0.114297	1e-05	3.84845	0.0001	1.75216e-08	1e-06	4.03823	0.0001	1.13687e-13	1e-08
23 	871566	0.00836703	740972	1.00195e+06	0.00711333	0.00961874	10.3648	0.001	-2.27374e-13	1e-08	12.3177	0.001	0.179507	0.0001	18.1991	0.001
23 	875996	0.00840956	745933	1.0062e+06	0.00716096	0.00965952	25.8016	0.001	2.95735	0.0001	2.63754	0.0001	20.2719	0.001	12.8849	0.001
23 	879995	0.00844795	749770	1.00958e+06	0.00719779	0.00969202	0.0482317	0.0001	0	1e-08	0.0913043	0.0001	0	1e-08	0.367764	0.0001
23 	883304	0.00847972	753201	1.01344e+06	0.00723073	0.00972898	7.62546	0.001	0.312942	0.0001	2.70126	0.001	3.95825	0.001	7.08796	0.001
23 	886979	0.008515	756874	1.01686e+06	0.00726599	0.00976188	0.089472	0.0001	0.0308214	0.0001	0.0338997	0.0001	0.0685026	0.0001	0.0688611	0.0001
23 	890126	0.00854521	760161	1.02057e+06	0.00729755	0.00979751	1.57504	0.0001	-2.27374e-13	1e-08	0.954948	0.0001	1.21621	0.0001	1.36227	0.0001
23 	892802	0.0085709	762073	1.02312e+06	0.0073159	0.00982192	0.0359983	1e-05	0	1e-08	0	1e-08	0	1e-08	0.0259806	1e-05
23 	895382	0.00859567	765069	1.02551e+06	0.00734466	0.00984491	14.6999	0.001	1.23099	0.0001	0.947656	0.0001	9.50468	0.001	1.97729	0.0001
23 	900991	0.00864951	770690	1.03159e+06	0.00739862	0.0099033	11.0451	0.001	6.31066	0.001	0.520921	0.0001	11.1739	0.001	3.36338	0.001
23 	903623	0.00867478	773373	1.03377e+06	0.00742438	0.00992422	0.282256	0.0001	0	1e-08	0	1e-08	1.51159	0.001	0	1e-08
23 	905625	0.008694	775382	1.03568e+06	0.00744367	0.00994255	11.7198	0.001	0.798905	0.0001	10.942	0.001	4.22437	0.001	15.0784	0.001
23 	909200	0.00872832	778811	1.03924e+06	0.00747659	0.00997674	11.3136	0.001	0.582836	0.0001	3.37034	0.001	1.18869	0.0001	6.097	0.001
23 	912340	0.00875846	782195	1.04341e+06	0.00750907	0.0100167	0.799622	0.001	0.286664	0.001	0	1e-08	0.965208	0.001	0	1e-08
23 	916835	0.00880162	786743	1.04681e+06	0.00755273	0.0100494	0	1e-08	0	1e-08	0	1e-08	0	1e-08	0	1e-08
23 	920210	0.00883402	789843	1.05052e+06	0.00758249	0.010085	7.73408	0.001	0.619411	0.001	4.97755	0.001	6.29992	0.001	9.5172	0.001
23 	922378	0.00885483	792151	1.05188e+06	0.00760465	0.0100981	0	1e-08	-2.27374e-13	1e-08	1.92852	0.0001	2.09309	0.001	2.46172	0.0001
23 	925017	0.00888016	794672	1.05525e+06	0.00762885	0.0101304	31.7388	0.01	7.01371	0.001	6.15015	0.001	13.4774	0.001	12.694	0.001
23 	927418	0.00890321	797172	1.05756e+06	0.00765285	0.0101526	11.7397	0.001	-2.27374e-13	1e-08	9.07391	0.001	6.81296	0.001	24.1936	0.01
23 	930829	0.00893596	800710	1.06087e+06	0.00768682	0.0101844	23.2655	0.001	3.682	0.001	8.15611	0.001	17.8208	0.001	18.0043	0.001
23 	933789	0.00896437	803518	1.06407e+06	0.00771377	0.0102151	15.45	0.001	3.43943	0.001	9.21472	0.001	14.1082	0.001	19.2869	0.001
23 	936816	0.00899343	806679	1.06714e+06	0.00774412	0.0102445	-2.27374e-13	1e-08	-2.27374e-13	1e-08	0.328364	0.0001	0	1e-08	0.0846021	0.0001
23 	939271	0.009017	809077	1.06942e+06	0.00776714	0.0102664	12.3357	0.001	-2.27374e-13	1e-08	0.0204144	0.0001	7.72918	0.001	6.87756	0.001
23 	941318	0.00903665	810932	1.07107e+06	0.00778495	0.0102822	0	1e-08	0	1e-08	0	1e-08	0	1e-08	0	1e-08
23 	944578	0.00906795	815009	1.0746e+06	0.00782409	0.0103161	0	1e-08	8.89031e-11	1e-05	0.316914	0.0001	0	1e-08	0.0167918	0.0001
23 	947718	0.00909809	817275	1.07763e+06	0.00784584	0.0103453	1.20285	0.0001	1.80854	0.001	0	1e-08	3.49775	0.001	4.937	0.001
23 	950844	0.0091281	820020	1.08139e+06	0.00787219	0.0103813	-2.27374e-13	1e-08	0.000178394	1e-05	4.58134	0.0001	0	1e-08	6.43126	0.0001
23 	952649	0.00914543	822545	1.0829e+06	0.00789643	0.0103958	1.00922	0.0001	0.471072	0.0001	10.8414	0.001	0.950427	0.0001	13.9455	0.001
23 	957022	0.00918741	826435	1.08721e+06	0.00793378	0.0104372	3.34603e-09	1e-06	1.71312e-08	1e-06	0	1e-08	2.67053e-08	1e-06	0	1e-08
23 	960491	0.00922071	830283	1.09051e+06	0.00797072	0.0104689	0	1e-08	3.78639e-08	1e-05	15.9503	0.001	1.43209e-08	1e-05	14.4622	0.001
23 	962478	0.00923979	832182	1.09282e+06	0.00798895	0.0104911	-2.27374e-13	1e-08	-2.27374e-13	1e-08	0	1e-08	0	1e-08	0	1e-08
23 	965594	0.0092697	835420	1.0958e+06	0.00802003	0.0105197	0.61541	0.0001	0	1e-08	0.645388	0.0001	0.345311	0.0001	1.01237	0.0001
23 	969234	0.00930465	839547	1.0996e+06	0.00805965	0.0105561	12.4659	0.001	-2.27374e-13	1e-08	15.7232	0.001	5.122	0.001	19.1172	0.001
23 	972618	0.00933713	842576	1.10255e+06	0.00808873	0.0105845	9.93712	0.001	-2.27374e-13	1e-08	16.8326	0.001	0.667518	0.0001	18.401	0.001
23 	975151	0.00936145	844895	1.10536e+06	0.00811099	0.0106115	0	1e-08	0.305007	1e-05	0	1e-08	1.13687e-13	1e-06	0	1e-08
23 	976357	0.00937303	846045	1.10665e+06	0.00812203	0.0106239	18.8953	0.001	0.923232	0.0001	1.89366	0.0001	4.09298	0.001	21.5424	0.001
23 	982815	0.00943502	852582	1.11274e+06	0.00818479	0.0106824	0	1e-08	-2.27374e-13	1e-08	0	1e-08	0	1e-08	0	1e-08
23 	984749	0.00945359	854485	1.11494e+06	0.00820306	0.0107034	3.68454	0.001	-2.27374e-13	1e-08	5.42106	0.001	1.20832	0.001	9.89823	0.001
23 	987927	0.0094841	857805	1.11907e+06	0.00823493	0.010743	-2.27374e-13	1e-08	1.74151	0.001	0.720936	0.0001	1.08601	0.001	0.830663	0.0001
23 	989710	0.00950122	859392	1.11983e+06	0.00825016	0.0107504	0.0231261	1e-05	0.206494	0.0001	0	1e-08	0.672782	0.0001	2.70681	0.001
23 	992929	0.00953212	862987	1.123e+06	0.00828468	0.0107808	5.55442	0.0001	1.34155	0.0001	1.54605	0.0001	3.22242	0.0001	3.40257	0.0001
23 	997583	0.0095768	867250	1.12804e+06	0.0083256	0.0108292	5.78957	0.001	2.04056	0.0001	1.9332	0.0001	4.52905	0.0001	5.11556	0.001
23 	1.00037e+06	0.00960358	870104	1.13071e+06	0.008353	0.0108548	2.79033e-09	1e-05	-2.27374e-13	1e-08	3.23507e-09	1e-05	0	1e-08	0.391858	0.0001
23 	1.00254e+06	0.00962438	872832	1.13256e+06	0.00837919	0.0108726	12.3912	0.001	1.52898	0.0001	1.5687	0.0001	6.3552	0.001	3.24838	0.0001
23 	1.00508e+06	0.00964881	874379	1.13517e+06	0.00839404	0.0108976	2.50899	0.001	0	1e-08	0	1e-08	0.0633448	0.0001	4.45303	0.001
23 	1.0069e+06	0.00966625	876911	1.13692e+06	0.00841835	0.0109145	0.253716	0.0001	0.796558	0.0001	0	1e-08	0.740198	0.0001	0	1e-08
23 	1.00877e+06	0.00968421	878557	1.1389e+06	0.00843415	0.0109335	0.0227149	0.0001	0.00185686	0.0001	0.00366525	0.0001	0.00889469	0.0001	3.65008	0.001
23 	1.01164e+06	0.00971172	881451	1.14193e+06	0.00846193	0.0109625	0	1e-08	0	1e-08	0	1e-08	0	1e-08	0	1e-08
23 	1.01421e+06	0.00973644	884017	1.14446e+06	0.00848656	0.0109868	0	1e-08	-2.27374e-13	1e-08	0	1e-08	0	1e-08	0	1e-08
23 	1.01649e+06	0.00975831	886203	1.14671e+06	0.00850755	0.0110084	15.3312	0.001	0.416982	0.0001	8.3339	0.001	9.24552	0.001	19.4147	0.001
23 	1.01974e+06	0.00978955	889344	1.15e+06	0.0085377	0.01104	0.036676	0.0001	0.360755	0.001	0	1e-08	0.116535	0.0001	0	1e-08
23 	1.02355e+06	0.00982605	893493	1.15364e+06	0.00857753	0.011075	0.58152	0.0001	6.31128	0.001	0	1e-08	8.04418	0.001	0	1e-08
23 	1.02605e+06	0.00985011	895382	1.15637e+06	0.00859567	0.0111012	0	1e-08	0	1e-08	0	1e-08	0	1e-08	0	1e-08
23 	1.03015e+06	0.00988944	900050	1.16034e+06	0.00864048	0.0111392	-2.27374e-13	1e-08	0.566418	0.0001	0	1e-08	0.245524	0.0001	0	1e-08
23 	1.03256e+06	0.00991255	902528	1.16326e+06	0.00866427	0.0111673	10.2113	0.001	1.34993	0.0001	1.0525	0.0001	2.77799	0.001	1.99105	0.0001
23 	1.03464e+06	0.00993253	904435	1.16464e+06	0.00868258	0.0111806	2.24577e-09	1e-05	-2.27374e-13	1e-08	1.26154e-08	1e-05	0	1e-08	4.37293e-08	1e-05
23 	1.03622e+06	0.00994773	906275	1.16653e+06	0.00870024	0.0111987	0.460978	0.0001	-2.27374e-13	1e-08	0.0568482	0.0001	0.745942	0.0001	0.937327	0.0001
23 	1.0414e+06	0.00999749	911384	1.1716e+06	0.00874929	0.0112473	0.156662	0.0001	0.586662	0.0001	0	1e-08	0.486186	0.0001	0	1e-08
23 	1.04549e+06	0.0100367	915407	1.17571e+06	0.00878791	0.0112868	0.149668	0.0001	-2.27374e-13	1e-08	0.316405	0.0001	0.0704559	0.0001	0.296088	0.0001
23 	1.04854e+06	0.010066	918353	1.17861e+06	0.00881619	0.0113146	0	1e-08	0.549347	0.0001	0.942648	0.0001	0	1e-08	1.32059	0.0001
23 	1.05183e+06	0.0100976	921778	1.18192e+06	0.00884907	0.0113464	0.82046	0.0001	0.459881	0.0001	0.347855	0.0001	0.77646	0.0001	0.798601	0.0001
23 	1.05652e+06	0.0101426	926242	1.1872e+06	0.00889192	0.0113972	-4.54747e-13	1e-08	0.000173689	1e-05	0.0103756	1e-05	-1.13687e-13	1e-08	0	1e-08
23 	1.05812e+06	0.0101579	927819	1.18843e+06	0.00890706	0.0114089	0.962809	0.001	-4.54747e-13	1e-08	0	1e-08	0.000709755	0.0001	0	1e-08
23 	1.06407e+06	0.0102151	933789	1.19454e+06	0.00896437	0.0114676	0.0637604	0.0001	0	1e-08	0	1e-08	0.236056	0.0001	1.13687e-13	1e-08
23 	1.06681e+06	0.0102414	936703	1.19707e+06	0.00899235	0.0114919	3.89469	0.001	-2.27374e-13	1e-08	5.0662	0.001	0.000581774	0.0001	4.54013	0.001
23 	1.07221e+06	0.0102933	941839	1.19991e+06	0.00904165	0.0115191	9.94813	0.001	2.89435	0.001	6.18036	0.001	7.72815	0.001	8.41746	0.001
23 	1.07656e+06	0.010335	945956	1.19991e+06	0.00908118	0.0115191	4.14481	0.001	0.00485562	0.0001	6.12392	0.001	0.0150223	0.0001	7.70519	0.001
23 	1.08165e+06	0.0103838	951418	1.19991e+06	0.00913361	0.0115191	5.34101	0.0001	0.767988	0.0001	2.521	0.0001	4.38527	0.0001	5.05304	0.0001
23 	1.08392e+06	0.0104056	953584	1.19991e+06	0.00915441	0.0115191	26.9412	0.001	8.19695	0.001	1.05603	0.001	19.0263	0.001	18.7572	0.001
23 	1.08721e+06	0.0104372	957022	1.19991e+06	0.00918741	0.0115191	0.767784	0.0001	2.31625e-05	1e-05	0.368478	0.0001	1.3667e-05	1e-05	1.79489	0.0001
23 	1.08914e+06	0.0104557	958817	1.19991e+06	0.00920464	0.0115191	12.9561	0.001	4.23467	0.001	8.46763	0.001	8.4677	0.001	12.542	0.001
23 	1.09148e+06	0.0104782	961181	1.19991e+06	0.00922734	0.0115191	5.94292	0.001	0	1e-08	3.85344	0.001	-1.13687e-13	1e-08	9.50779	0.001
23 	1.0958e+06	0.0105197	965594	1.19991e+06	0.0092697	0.0115191	22.2623	0.01	7.28912	0.001	0.0733643	0.0001	11.4534	0.001	6.93486	0.001
23 	1.1e+06	0.01056	969676	1.19991e+06	0.00930889	0.0115191	3.36701	0.0001	1.19643	0.0001	1.64704	0.0001	2.34059	0.0001	14.0242	0.001
23 	1.10342e+06	0.0105928	973358	1.19991e+06	0.00934424	0.0115191	8.09673	0.01	-4.54747e-13	1e-08	12.935	0.001	0	1e-08	19.3832	0.001
23 	1.10746e+06	0.0106316	977205	1.19991e+06	0.00938117	0.0115191	-4.54747e-13	1e-08	1.00499e-09	1e-05	11.1768	0.001	6.19821e-10	1e-05	14.17	0.001
23 	1.10898e+06	0.0106463	979249	1.19991e+06	0.00940079	0.0115191	1.85069	0.0001	-4.54747e-13	1e-08	0	1e-08	0.0176463	1e-05	4.25042	0.0001
23 	1.11232e+06	0.0106783	982417	1.19991e+06	0.0094312	0.0115191	22.66	0.001	2.90465	0.0001	2.29628	0.0001	6.04914	0.001	17.9695	0.001
23 	1.11617e+06	0.0107152	985831	1.19991e+06	0.00946398	0.0115191	51.8434	0.01	6.0138	0.001	1.6052	0.001	21.7158	0.001	19.7988	0.001
23 	1.11934e+06	0.0107457	989105	1.19991e+06	0.00949541	0.0115191	2.58705	0.001	0	1e-08	0.219811	0.0001	0	1e-08	0.320301	0.001
23 	1.12615e+06	0.010811	995365	1.19991e+06	0.0095555	0.0115191	1.30291	0.001	0.319367	0.0001	0.545078	0.0001	3.33732	0.001	0.8453	0.0001
23 	1.12923e+06	0.0108406	999230	1.19991e+06	0.00959261	0.0115191	-2.27374e-13	1e-08	2.02018	0.001	1.03455e-10	1e-05	7.23286	0.001	5.20686e-11	1e-05
23 	1.1317e+06	0.0108644	1.00153e+06	1.19991e+06	0.00961471	0.0115191	-2.27374e-13	1e-08	-2.27374e-13	1e-08	0.471473	0.0001	-1.13687e-13	1e-08	0	1e-08
23 	1.1344e+06	0.0108903	1.00435e+06	1.19991e+06	0.00964172	0.0115191	-2.27374e-13	1e-08	-2.27374e-13	1e-08	5.31645	0.001	-1.13687e-13	1e-08	9.27818	0.001
23 	1.13649e+06	0.0109103	1.00623e+06	1.19991e+06	0.00965979	0.0115191	26.6506	0.001	13.8255	0.001	1.33683	0.0001	26.8281	0.001	1.99014	0.0001
23 	1.13825e+06	0.0109272	1.00803e+06	1.19991e+06	0.0096771	0.0115191	0.947583	0.0001	1.6029	0.0001	2.91341e-06	1e-05	5.06639	0.001	0	1e-08
23 	1.14094e+06	0.0109531	1.01086e+06	1.19991e+06	0.00970423	0.0115191	17.7799	0.001	2.08203	0.0001	2.33866	0.0001	8.41742	0.001	4.99166	0.0001
23 	1.14446e+06	0.0109868	1.01421e+06	1.19991e+06	0.00973644	0.0115191	22.9155	0.001	4.65869	0.001	0.258481	0.0001	15.223	0.001	15.9885	0.001
23 	1.14898e+06	0.0110302	1.01873e+06	1.19991e+06	0.00977978	0.0115191	1.4072	0.0001	4.71551	0.0001	0	1e-08	7.7568	0.0001	0.00453626	1e-05
23 	1.15258e+06	0.0110648	1.02241e+06	1.19991e+06	0.00981513	0.0115191	-2.27374e-13	1e-08	-2.27374e-13	1e-08	0	1e-08	0	1e-08	-1.13687e-13	1e-08
23 	1.15457e+06	0.0110839	1.02434e+06	1.19991e+06	0.00983364	0.0115191	6.36579	0.0001	2.9852	0.0001	0.175712	1e-05	4.88979	0.0001	0.342575	1e-05
23 	1.15722e+06	0.0111094	1.02718e+06	1.19991e+06	0.00986096	0.0115191	17.1225	0.001	0.197238	0.0001	3.57565	0.0001	4.21798	0.001	5.9723	0.0001
23 	1.15956e+06	0.0111317	1.02962e+06	1.19991e+06	0.00988439	0.0115191	0	1e-08	0	1e-08	0	1e-08	0	1e-08	0	1e-08
23 	1.16167e+06	0.0111521	1.03159e+06	1.19991e+06	0.0099033	0.0115191	2.73209	0.001	-2.27374e-13	1e-08	0	1e-08	0	1e-08	0.849905	0.001
23 	1.16452e+06	0.0111793	1.0343e+06	1.19991e+06	0.0099293	0.0115191	11.9047	0.001	0.314528	0.0001	0.851222	0.001	0.651169	0.0001	11.5099	0.001
23 	1.16776e+06	0.0112105	1.03775e+06	1.19991e+06	0.00996239	0.0115191	20.4458	0.001	0.615379	0.0001	22.2707	0.001	1.42697	0.0001	43.1891	0.01
23 	1.1707e+06	0.0112387	1.04038e+06	1.19991e+06	0.0099876	0.0115191	46.3072	0.001	12.4401	0.001	10.3479	0.001	33.3386	0.001	32.8989	0.001
23 	1.17329e+06	0.0112636	1.04341e+06	1.19991e+06	0.0100167	0.0115191	4.01427	0.0001	0.00195672	1e-05	34.1269	0.001	1.33317	0.0001	40.0113	0.001
23 	1.17464e+06	0.0112765	1.0443e+06	1.19991e+06	0.0100253	0.0115191	4.02811	0.0001	0.522609	1e-05	0.94612	1e-05	1.40874	0.0001	1.12868	1e-05
23 	1.17588e+06	0.0112885	1.04549e+06	1.19991e+06	0.0100367	0.0115191	0.894988	0.0001	3.07775	0.0001	38.3355	0.001	1.37071e-05	1e-05	41.274	0.001
23 	1.17787e+06	0.0113076	1.0476e+06	1.19991e+06	0.0100569	0.0115191	20.6943	0.001	1.25562	0.0001	3.37076	0.001	3.32603	0.0001	35.7935	0.001
23 	1.17964e+06	0.0113245	1.04929e+06	1.19991e+06	0.0100732	0.0115191	0	1e-08	0	1e-08	0	1e-08	0	1e-08	0	1e-08
23 	1.1828e+06	0.0113548	1.05188e+06	1.19991e+06	0.0100981	0.0115191	-6.82121e-13	1e-08	-6.82121e-13	1e-08	0	1e-08	-1.13687e-13	1e-08	1.13687e-13	1e-08
23 	1.18843e+06	0.0114089	1.05814e+06	1.19991e+06	0.0101581	0.0115191	42.939	0.001	3.29107	0.0001	8.83168	0.001	31.2827	0.001	41.7226	0.001
23 	1.1913e+06	0.0114365	1.06087e+06	1.19991e+06	0.0101844	0.0115191	1.26968	0.0001	0.113056	1e-05	5.01773	0.0001	0.757342	1e-05	16.2511	0.001
23 	1.195e+06	0.011472	1.06496e+06	1.19991e+06	0.0102236	0.0115191	2.05539	0.0001	0.0788775	0.0001	0	1e-08	1.44425	0.0001	1.07689	0.0001
23 	1.19916e+06	0.0115119	1.06896e+06	1.19991e+06	0.0102621	0.0115191	0.0255944	1e-05	-4.54747e-13	1e-08	0	1e-08	0.0151525	1e-05	0.018176	1e-05
