Chr 	PhysPos	GenPos	PhysStart	PhysEnd	GenStart	GenEnd	3PCLR.Anc	3PCLR.Anc.S	3PCLR.A	3PCLR.A.S	3PCLR.B	3PCLR.B.S	XPCLRAC	XPCLRAC.S	XPCLRBC	XPCLRBC.S
23 	264	2.53e-06	264	130144	2.53e-06	0.00124938	4.02717	0.0001	0.0331469	1e-05	0	1e-08	0.723421	0.0001	0	1e-08
23 	2252	2.162e-05	264	132360	2.53e-06	0.00127066	2.90812	0.0001	0.000669237	1e-05	0	1e-08	2.18971	0.0001	1.97291	0.0001
23 	3860	3.706e-05	264	134058	2.53e-06	0.00128696	0.687711	0.0001	0	1e-08	1.6363	0.0001	0	1e-08	4.02594	0.001
23 	5157	4.951e-05	264	135537	2.53e-06	0.00130116	20.927	0.001	9.93252	0.001	3.23785e-07	1e-05	26.5787	0.001	0	1e-08
23 	9060	8.698e-05	264	139226	2.53e-06	0.00133657	32.8906	0.001	23.9602	0.001	0.768584	0.0001	35.0731	0.001	1.89586	0.0001
23 	12004	0.00011524	264	142014	2.53e-06	0.00136333	13.9895	0.001	7.9255	0.001	0.803084	0.0001	22.4874	0.001	2.24762	0.0001
23 	14300	0.00013728	264	144627	2.53e-06	0.00138842	3.37993	0.0001	9.89964	0.0001	0	1e-08	7.99067	0.0001	0	1e-08
23 	15977	0.00015338	264	146276	2.53e-06	0.00140425	0	1e-08	3.54467	0.0001	0.129441	1e-05	1.52389	0.0001	1.13687e-13	1e-08
23 	17251	0.00016561	264	147537	2.53e-06	0.00141636	4.10024	0.0001	2.67223	0.0001	1.07396	0.0001	4.1426	0.0001	0.308868	0.0001
23 	20153	0.00019347	264	150296	2.53e-06	0.00144284	0	1e-08	2.31375e-09	1e-06	1.5032	0.0001	0	1e-08	1.03057	0.0001
23 	22485	0.00021586	264	152837	2.53e-06	0.00146724	-4.54747e-13	1e-08	-4.54747e-13	1e-08	0	1e-08	0	1e-08	0	1e-08
23 	25530	0.00024509	264	155750	2.53e-06	0.0014952	12.6103	0.001	0.983716	0.0001	1.12035	0.0001	5.05123	0.001	2.18506	0.0001
23 	29688	0.000285	264	160240	2.53e-06	0.0015383	13.3306	0.001	3.43268	0.0001	1.32464	0.0001	5.28368	0.0001	4.6862	0.0001
23 	31037	0.00029796	264	161165	2.53e-06	0.00154718	4.69506	0.0001	5.56684	0.0001	0	1e-08	5.77651	0.0001	0	1e-08
23 	33991	0.00032631	264	163917	2.53e-06	0.0015736	0	1e-08	0	1e-08	0	1e-08	0	1e-08	1.13687e-13	1e-08
23 	35905	0.00034469	264	165653	2.53e-06	0.00159027	0.626798	0.0001	-2.27374e-13	1e-08	0	1e-08	0.551098	0.0001	4.63908e-07	1e-05
23 	40531	0.0003891	264	170833	2.53e-06	0.00164	10.3843	0.001	3.36847	0.0001	1.8251	0.0001	5.55751	0.0001	13.7805	0.001
23 	46089	0.00044245	264	176090	2.53e-06	0.00169046	0.0677911	1e-05	1.64778e-09	1e-06	6.17054	0.0001	-1.13687e-13	1e-08	14.0216	0.001
23 	49590	0.00047606	264	179891	2.53e-06	0.00172695	0.438089	0.0001	0.659323	0.0001	0	1e-08	0.660917	0.0001	11.9198	0.001
23 	52106	0.00050022	264	182608	2.53e-06	0.00175304	1.23481	0.0001	0.385838	0.0001	14.2534	0.001	0.952659	0.0001	23.9395	0.001
23 	54344	0.0005217	264	184650	2.53e-06	0.00177264	2.18934e-07	1e-05	-2.27374e-13	1e-08	1.34258e-07	1e-05	8.97317e-08	1e-05	1.81189	0.0001
23 	56064	0.00053821	264	186420	2.53e-06	0.00178963	-2.27374e-13	1e-08	-2.27374e-13	1e-08	1.05048	0.0001	0	1e-08	1.44045	0.0001
23 	58336	0.00056003	264	188447	2.53e-06	0.00180909	1.06734	0.0001	-2.27374e-13	1e-08	2.79918	0.0001	0.0366582	1e-05	8.06831	0.001
23 	62687	0.0006018	264	192929	2.53e-06	0.00185212	9.70392	0.001	1.04204	0.0001	3.06573	0.001	2.63701	0.001	15.5136	0.001
23 	66129	0.00063484	264	196362	2.53e-06	0.00188508	0	1e-08	0.876185	0.0001	5.16796	0.0001	-1.13687e-13	1e-08	3.60944	0.0001
23 	71039	0.00068197	264	201302	2.53e-06	0.0019325	11.309	0.001	1.05819	0.0001	6.82929	0.001	2.18874	0.0001	12.7032	0.001
23 	77047	0.00073965	264	206790	2.53e-06	0.00198518	4.30842	0.001	5.03885	0.001	0	1e-08	15.0222	0.001	0	1e-08
23 	80689	0.00077461	264	210702	2.53e-06	0.00202274	1.91576e-08	1e-06	0.906154	1e-05	0	1e-08	1.88733	1e-05	0	1e-08
23 	83355	0.00080021	264	213563	2.53e-06	0.0020502	0	1e-08	0	1e-08	0	1e-08	0	1e-08	4.07785e-05	1e-05
23 	87951	0.00084433	264	218384	2.53e-06	0.00209649	2.88235	0.001	0.279142	0.001	3.07312	0.001	4.32106	0.001	3.95744	0.001
23 	92525	0.00088824	264	223160	2.53e-06	0.00214234	8.69777	0.001	0.298219	0.0001	8.62511	0.001	0.362469	0.0001	13.7617	0.001
23 	96115	0.0009227	264	226855	2.53e-06	0.00217781	2.81428	0.001	0.067921	0.0001	0.70042	0.001	0.109344	0.0001	6.08173	0.001
23 	99704	0.00095716	264	229676	2.53e-06	0.00220489	-2.27374e-13	1e-08	-2.27374e-13	1e-08	3.26124	0.0001	0	1e-08	2.94757	0.0001
23 	101393	0.00097337	264	231572	2.53e-06	0.00222309	1.88393	0.0001	0.68549	0.0001	1.60088	0.0001	1.77745	0.0001	1.90608	0.0001
23 	103326	0.00099193	264	233687	2.53e-06	0.0022434	10.8122	0.001	0.0303294	0.0001	1.24478	0.001	4.64836	0.001	7.23613	0.001
23 	107226	0.00102937	264	237567	2.53e-06	0.00228064	1.38397	0.0001	0.433133	0.0001	1.72545	0.0001	1.09657	0.0001	1.8033	0.0001
23 	109582	0.00105199	264	239665	2.53e-06	0.00230078	15.7026	0.01	7.54368	0.001	6.64709	0.001	14.3341	0.001	13.9343	0.001
23 	112975	0.00108456	264	243002	2.53e-06	0.00233282	3.2529	0.01	0.523118	0.0001	4.50485	0.001	2.07351	0.001	15.2778	0.01
23 	115922	0.00111285	264	246071	2.53e-06	0.00236228	18.1072	0.001	0.504975	0.0001	7.02219	0.001	13.2312	0.001	17.4748	0.001
23 	120053	0.00115251	264	249602	2.53e-06	0.00239618	3.71475	0.0001	1.58327	0.0001	1.61571	0.0001	3.30918	0.0001	3.27691	0.0001
23 	121343	0.00116489	264	251581	2.53e-06	0.00241518	97.166	0.01	11.2214	0.001	2.33486	0.0001	27.1846	0.001	21.0888	0.001
23 	123314	0.00118381	264	253508	2.53e-06	0.00243368	11.0839	0.001	0.235373	0.0001	0.332202	0.0001	5.51931	0.001	7.58623	0.001
23 	127937	0.0012282	264	258204	2.53e-06	0.00247876	19.3537	0.001	4.50992	0.001	1.84659	0.001	18.2971	0.001	14.3748	0.001
23 	130971	0.00125732	753	261175	7.23e-06	0.00250728	71.0329	0.01	9.53018	0.001	0.655614	0.0001	38.6474	0.01	3.31165	0.001
23 	134058	0.00128696	3860	264526	3.706e-05	0.00253945	45.2249	0.01	2.2036	0.001	4.68521	0.001	10.3167	0.001	11.8232	0.001
23 	136958	0.0013148	6587	267689	6.324e-05	0.00256981	0	1e-08	0	1e-08	0	1e-08	0	1e-08	0	1e-08
23 	139487	0.00133908	9157	269878	8.791e-05	0.00259083	0	1e-08	0	1e-08	0	1e-08	0	1e-08	0	1e-08
23 	141682	0.00136015	11075	271301	0.00010632	0.00260449	5.85955	0.001	0.00316881	0.0001	0.00631567	0.0001	0.74071	0.001	4.53918	0.001
23 	147112	0.00141228	16847	277766	0.00016173	0.00266655	137.075	0.01	10.7532	0.01	6.87306	0.001	109.591	0.01	38.1006	0.01
23 	149493	0.00143513	19173	280016	0.00018406	0.00268815	0.0407218	0.0001	0	1e-08	0.124871	0.0001	0	1e-08	4.72869	0.001
23 	155387	0.00149172	25381	286021	0.00024366	0.0027458	69.343	0.01	7.57359	0.001	2.04476	0.001	26.2925	0.01	13.1405	0.001
23 	160921	0.00154484	30692	291031	0.00029464	0.0027939	70.6418	0.01	3.02196	0.001	6.68514	0.001	8.66451	0.001	53.834	0.01
23 	163436	0.00156899	33254	293597	0.00031924	0.00281853	108.85	0.01	16.4736	0.001	0	1e-08	62.7168	0.01	14.3035	0.001
23 	171789	0.00164917	41867	301615	0.00040192	0.0028955	79.6434	0.01	9.13035	0.001	3.69841	0.001	15.339	0.001	19.661	0.01
23 	176090	0.00169046	46077	306214	0.00044234	0.00293965	13.1733	0.001	0.526927	0.0001	0.307218	0.0001	10.7809	0.001	0.869902	0.0001
23 	181038	0.00173796	50808	311304	0.00048776	0.00298852	46.0268	0.01	0.873439	0.001	5.7295	0.001	7.85188	0.001	10.7855	0.001
23 	184327	0.00176954	53960	314568	0.00051802	0.00301985	3.6171	0.001	0.149853	0.0001	0.190095	0.0001	1.32887	0.001	0.334036	0.0001
23 	188205	0.00180677	57863	317946	0.00055548	0.00305228	56.5782	0.01	-4.54747e-13	1e-08	0.269031	0.001	9.91499	0.01	6.60897	0.001
23 	194414	0.00186637	64103	325074	0.00061539	0.00312071	0.800437	0.001	9.50176e-08	1e-05	1.42267	0.0001	5.83337	0.001	9.92293	0.001
23 	198472	0.00190533	67912	328597	0.00065196	0.00315453	28.0913	0.001	9.20676	0.001	0.384282	0.0001	28.4407	0.001	3.15734	0.001
23 	201120	0.00193075	71039	331745	0.00068197	0.00318475	28.1232	0.001	1.65302	0.001	6.22136	0.001	22.0298	0.001	24.5669	0.001
23 	203257	0.00195127	72600	333566	0.00069696	0.00320223	16.5132	0.001	0.267729	0.0001	0.273148	0.0001	9.23492	0.001	9.45844	0.001
23 	205837	0.00197604	75513	335959	0.00072492	0.00322521	-2.27374e-13	1e-08	-2.27374e-13	1e-08	0	1e-08	0	1e-08	0	1e-08
23 	209539	0.00201157	79468	339755	0.00076289	0.00326165	55.8439	0.01	1.67113	0.0001	0	1e-08	35.7516	0.01	14.1677	0.01
23 	212871	0.00204356	82924	343659	0.00079607	0.00329913	6.6719	0.001	0.517852	0.0001	0.657839	0.0001	1.34515	0.0001	1.4175	0.0001
23 	215329	0.00206716	84798	345643	0.00081406	0.00331817	129.531	0.01	9.47919	0.001	3.64979	0.001	62.6284	0.01	14.2855	0.001
23 	219579	0.00210796	89495	349604	0.00085915	0.0033562	61.2679	0.01	0.467804	0.0001	2.96779	0.0001	39.7768	0.01	14.441	0.001
23 	225225	0.00216216	95138	355500	0.00091332	0.0034128	10.8148	0.001	8.0017	0.001	3.64971	0.001	78.9336	0.01	35.2788	0.01
23 	229017	0.00219856	98849	359143	0.00094895	0.00344777	89.276	0.01	19.199	0.001	0.243525	0.0001	118.82	0.01	11.0652	0.001
23 	231233	0.00221984	100984	361313	0.00096945	0.0034686	92.3808	0.01	22.3849	0.001	0.267991	0.0001	78.5821	0.01	13.4501	0.001
23 	235110	0.00225706	105035	365327	0.00100834	0.00350714	104.104	0.01	2.03129	0.0001	1.49645	0.0001	69.1126	0.01	21.4326	0.001
23 	237893	0.00228377	108092	367595	0.00103768	0.00352891	84.948	0.01	10.2443	0.001	0.053886	0.0001	107.34	0.01	20.7642	0.01
23 	241645	0.00231979	111527	371832	0.00107066	0.00356959	138.008	0.01	43.8222	0.01	0	1e-08	128.826	0.01	19.3824	0.01
23 	251184	0.00241137	120934	381711	0.00116097	0.00366443	76.2542	0.01	11.7575	0.001	0.164773	0.0001	91.5936	0.01	0.80876	0.0001
23 	256499	0.00246239	126168	386679	0.00121121	0.00371212	106.544	0.01	8.51518	0.01	0	1e-08	93.6176	0.01	64.6214	0.01
23 	260510	0.0025009	130144	390557	0.00124938	0.00374935	103.259	0.01	18.1369	0.01	4.10403	0.001	92.1375	0.01	67.5567	0.01
23 	264600	0.00254016	134372	395261	0.00128997	0.00379451	0	1e-08	19.0909	0.01	0.269369	0.0001	0	1e-08	0	1e-08
23 	270588	0.00259764	140323	400638	0.0013471	0.00384612	13.7797	0.001	1.20699	0.0001	5.34419	0.001	5.81113	0.001	17.406	0.01
23 	275372	0.00264357	144627	405485	0.00138842	0.00389266	136.074	0.01	6.77692	0.001	4.02728	0.001	76.7304	0.01	56.6803	0.01
23 	278965	0.00267806	149096	408800	0.00143132	0.00392448	72.4278	0.01	2.57973	0.0001	1.45842	0.0001	66.2998	0.01	9.28062	0.001
23 	283138	0.00271812	152837	413308	0.00146724	0.00396776	126.991	0.01	24.9127	0.01	1.83455	0.0001	77.8402	0.01	15.2004	0.01
23 	288132	0.00276607	157475	418430	0.00151176	0.00401693	131.487	0.01	47.0109	0.01	-2.27374e-13	1e-08	118.764	0.01	68.202	0.01
23 	291424	0.00279767	161165	422081	0.00154718	0.00405198	154.421	0.01	8.24126	0.01	15.4007	0.01	93.9526	0.01	111.146	0.01
23 	299014	0.00287053	168792	429354	0.0016204	0.0041218	175.967	0.01	48.2035	0.01	4.91684	0.001	162.736	0.01	101.594	0.01
23 	303947	0.00291789	173998	434701	0.00167038	0.00417313	45.194	0.01	2.9435	0.001	0	1e-08	82.3769	0.01	52.3221	0.01
23 	307610	0.00295306	177448	437565	0.0017035	0.00420062	17.4587	0.001	1.22933	0.0001	1.26837	0.0001	11.5143	0.001	6.106	0.001
23 	312047	0.00299565	181794	442266	0.00174522	0.00424575	41.3367	0.01	24.5483	0.01	0	1e-08	137.692	0.01	0.165734	0.0001
23 	315724	0.00303095	185076	446007	0.00177673	0.00428167	113.554	0.01	36.2344	0.01	2.15514	0.001	110.389	0.01	8.13205	0.001
23 	321021	0.0030818	190163	451593	0.00182556	0.00433529	18.2477	0.001	0.415555	0.0001	7.28968	0.001	7.12704	0.001	16.3757	0.001
23 	325655	0.00312629	195138	455510	0.00187332	0.0043729	12.8445	0.001	69.7065	0.01	0.538041	0.0001	110.246	0.01	0.935016	0.0001
23 	327498	0.00314398	197393	457340	0.00189497	0.00439046	16.7719	0.001	0.894135	0.0001	0.321272	0.0001	27.5656	0.01	1.60512	0.0001
23 	329597	0.00316413	199452	460216	0.00191474	0.00441807	82.0058	0.01	0.442139	0.0001	1.45632	0.001	74.3239	0.01	67.6632	0.01
23 	333228	0.00319899	202991	463376	0.00194871	0.00444841	58.568	0.01	4.30792	0.0001	0	1e-08	58.8121	0.01	0	1e-08
23 	335599	0.00322175	205393	465685	0.00197177	0.00447058	14.0535	0.001	19.9451	0.001	0.0403544	0.0001	74.6273	0.01	0	1e-08
23 	338266	0.00324735	208088	468537	0.00199764	0.00449796	78.0932	0.01	10.9562	0.001	1.14058	0.0001	98.1617	0.01	67.6885	0.01
23 	341572	0.00327909	211346	471765	0.00202892	0.00452894	126.249	0.01	9.04781	0.01	4.40279	0.001	92.6161	0.01	11.3164	0.001
23 	345868	0.00332033	215470	475938	0.00206851	0.004569	65.0322	0.01	10.452	0.001	2.01036	0.0001	50.3782	0.01	15.6292	0.001
23 	350494	0.00336474	220344	480897	0.0021153	0.00461661	19.8628	0.001	9.78982	0.001	0.317537	0.0001	53.1434	0.01	4.23087	0.001
23 	353155	0.00339029	223160	483347	0.00214234	0.00464013	57.6299	0.01	2.14973	0.0001	2.1983	0.0001	73.8543	0.01	18.6004	0.001
23 	355500	0.0034128	225225	485707	0.00216216	0.00466279	0.000348834	1e-05	1.27221	0.0001	0	1e-08	1.3867	0.0001	-2.27374e-13	1e-08
23 	358124	0.00343799	227885	488342	0.0021877	0.00468808	0.591519	1e-05	0.62541	1e-05	0	1e-08	1.01841	1e-05	0	1e-08
23 	361666	0.00347199	231572	491866	0.00222309	0.00472191	51.389	0.01	2.3744	0.0001	1.53773	0.0001	32.5528	0.01	26.1294	0.01
23 	363935	0.00349378	233687	494308	0.0022434	0.00474536	26.971	0.001	6.39017	0.001	0.599827	0.0001	27.1823	0.01	18.4239	0.001
23 	366090	0.00351446	235917	496176	0.0022648	0.00476329	73.8624	0.01	11.1214	0.001	2.79054	0.001	91.4645	0.01	22.5847	0.01
23 	370703	0.00355875	240403	500977	0.00230787	0.00480938	0.11219	1e-05	0.00895438	1e-05	0.177218	1e-05	61.3941	0.01	0.216586	1e-05
23 	372256	0.00357366	241985	502248	0.00232306	0.00482158	179.01	0.01	19.4994	0.001	10.6134	0.001	159.334	0.01	58.3441	0.01
23 	374799	0.00359807	243529	505307	0.00233788	0.00485095	24.3915	0.01	0.465998	0.0001	1.86182	0.001	48.095	0.01	25.5632	0.01
23 	376673	0.00361606	246071	506583	0.00236228	0.0048632	71.5413	0.01	1.0993	0.0001	15.6343	0.001	56.9388	0.01	49.4676	0.01
23 	379011	0.00363851	248244	509059	0.00238314	0.00488697	114.638	0.01	-4.54747e-13	1e-08	5.49028	0.0001	15.2059	0.01	30.3606	0.001
23 	381000	0.0036576	251184	510869	0.00241137	0.00490434	131.53	0.01	0	1e-08	1.39882	0.0001	37.5541	0.01	21.0903	0.001
23 	384214	0.00368845	254237	514349	0.00244068	0.00493775	74.404	0.01	16.3549	0.001	2.54921	0.001	66.0301	0.01	23.6792	0.001
23 	386822	0.00371349	256499	516390	0.00246239	0.00495734	47.4959	0.01	1.59055	0.001	10.3975	0.001	16.7116	0.001	24.588	0.01
23 	389467	0.00373888	259352	519574	0.00248978	0.00498791	123.11	0.01	14.9372	0.001	11.1452	0.001	110.222	0.01	48.8915	0.01
23 	392415	0.00376718	262676	522783	0.00252169	0.00501872	37.8345	0.001	24.1197	0.001	0.326084	0.0001	117.992	0.01	27.9756	0.001
23 	395898	0.00380062	265520	525646	0.00254899	0.0050462	90.1036	0.01	-2.27374e-13	1e-08	0.0356352	1e-05	94.6629	0.01	0.380184	1e-05
23 	399068	0.00383105	269062	529416	0.002583	0.00508239	135	0.01	33.6457	0.01	10.3335	0.001	109.87	0.01	56.8485	0.01
23 	403091	0.00386967	273706	533001	0.00262758	0.00511681	153.448	0.01	12.0677	0.001	12.0667	0.001	133.007	0.01	74.2673	0.01
23 	405204	0.00388996	275257	535485	0.00264247	0.00514066	129.215	0.01	11.2613	0.01	1.61724	0.001	112.363	0.01	47.2627	0.01
23 	409633	0.00393248	278965	539687	0.00267806	0.005181	25.2977	0.01	2.24726	0.0001	2.31138	0.0001	8.71897	0.001	12.8498	0.001
23 	412745	0.00396235	282597	542986	0.00271293	0.00521267	0.418149	0.0001	0	1e-08	6.41466	0.001	0.324491	0.0001	16.86	0.001
23 	416159	0.00399513	286021	546966	0.0027458	0.00525087	-2.27374e-13	1e-08	-2.27374e-13	1e-08	1.41636	0.0001	-1.13687e-13	1e-08	1.02682	0.0001
23 	418542	0.004018	288218	548946	0.00276689	0.00526988	-2.27374e-13	1e-08	-2.27374e-13	1e-08	0.624269	0.0001	0	1e-08	4.34548	0.001
23 	422933	0.00406016	292994	553523	0.00281274	0.00531382	0.860175	0.0001	12.468	0.01	3.07024	0.0001	1.11681	0.0001	5.41302	0.0001
23 	425825	0.00408792	296359	556216	0.00284505	0.00533967	20.0421	0.001	3.48862	0.0001	3.49748	0.0001	7.69201	0.001	7.03936	0.0001
23 	430719	0.0041349	299983	561150	0.00287984	0.00538704	67.8953	0.01	0.729022	0.0001	0.7945	0.0001	61.788	0.01	12.1489	0.001
23 	435160	0.00417754	304877	565306	0.00292682	0.00542694	-2.27374e-13	1e-08	3.44592	0.0001	0.00121453	1e-05	2.07638	0.0001	0	1e-08
23 	441037	0.00423396	310487	571167	0.00298068	0.0054832	6.82193	0.01	4.00107	0.0001	0	1e-08	69.8342	0.01	59.1813	0.01
23 	442525	0.00424824	312353	572562	0.00299859	0.0054966	28.1126	0.01	1.43604	0.0001	1.64837	0.0001	36.6355	0.01	0.554371	0.0001
23 	443948	0.0042619	313699	574185	0.00301151	0.00551218	37.5658	0.01	10.3487	0.001	0.608421	0.0001	87.8114	0.01	1.35899	0.0001
23 	449237	0.00431268	318972	579680	0.00306213	0.00556493	6.54979	0.001	17.2551	0.001	0.703381	0.0001	53.2535	0.01	5.05682	0.001
23 	454697	0.00436509	324108	584379	0.00311144	0.00561004	110.528	0.01	60.8538	0.01	4.72643	0.001	134.85	0.01	37.7583	0.01
23 	458283	0.00439952	327583	588306	0.0031448	0.00564774	123.319	0.01	14.6637	0.001	6.89129	0.001	130.842	0.01	53.0828	0.01
23 	462393	0.00443897	332055	592585	0.00318773	0.00568882	97.5832	0.01	15.3908	0.01	0.727478	1e-05	105.247	0.01	10.8303	0.01
23 	465636	0.00447011	335599	594777	0.00322175	0.00570986	37.8077	0.01	40.8053	0.01	0.994456	0.0001	117.796	0.01	13.1023	0.001
23 	468007	0.00449287	337836	598319	0.00324323	0.00574386	28.0388	0.001	16.0327	0.001	1.04791	0.0001	90.218	0.01	7.85326	0.001
23 	473163	0.00454236	342463	602848	0.00328764	0.00578734	98.5995	0.01	12.414	0.001	0	1e-08	104.64	0.01	48.0279	0.01
23 	474918	0.00455921	344942	604771	0.00331144	0.0058058	88.9246	0.01	46.1298	0.01	0	1e-08	104.273	0.01	8.02948	0.01
23 	478347	0.00459213	347942	608510	0.00334024	0.0058417	75.2511	0.01	47.9532	0.01	0	1e-08	117.607	0.01	65.234	0.01
23 	480897	0.00461661	350494	610870	0.00336474	0.00586435	104.372	0.01	43.8606	0.01	2.69067	0.001	113.932	0.01	49.1293	0.01
23 	485707	0.00466279	355500	615817	0.0034128	0.00591184	72.4481	0.01	57.9206	0.01	0	1e-08	116.758	0.01	11.8143	0.001
23 	489884	0.00470289	359821	619955	0.00345428	0.00595157	78.8047	0.01	48.2296	0.01	1.62555	0.0001	97.3931	0.01	10.926	0.001
23 	493226	0.00473497	363077	623091	0.00348554	0.00598167	2.13045	0.0001	48.3393	0.01	0	1e-08	95.5748	0.01	0.720167	0.0001
23 	497701	0.00477793	367595	627946	0.00352891	0.00602828	92.6333	0.01	5.83584	0.0001	0	1e-08	45.2408	0.01	5.79093	0.001
23 	499652	0.00479666	369374	630074	0.00354599	0.00604871	48.2414	0.01	15.8088	0.001	0.0694818	0.0001	106.262	0.01	9.25419	0.001
23 	501985	0.00481906	371832	631665	0.00356959	0.00606398	98.4337	0.01	70.1679	0.01	1.64669	0.001	135.374	0.01	26.1858	0.01
23 	509059	0.00488697	378771	639768	0.0036362	0.00614177	128.728	0.01	42.842	0.01	2.44871	0.001	104.084	0.01	58.7701	0.01
23 	516231	0.00495582	386082	646420	0.00370639	0.00620563	156.751	0.01	27.2773	0.01	3.78694	0.001	144.831	0.01	76.5125	0.01
23 	524104	0.0050314	393590	654390	0.00377846	0.00628214	128.453	0.01	71.7195	0.01	3.70241	0.001	124.16	0.01	47.1462	0.01
23 	531251	0.00510001	400638	661648	0.00384612	0.00635182	102.394	0.01	21.4254	0.01	5.56506	0.001	94.3117	0.01	68.9399	0.01
23 	536617	0.00515152	406265	667403	0.00390014	0.00640707	77.22	0.01	1.02683	0.01	1.78172	0.001	70.8943	0.01	67.906	0.01
23 	542184	0.00520497	412177	672711	0.0039569	0.00645803	112.85	0.01	2.76883	0.001	0.874815	0.001	96.1892	0.01	23.4953	0.01
23 	547887	0.00525972	417625	677888	0.0040092	0.00650772	87.5504	0.01	22.3598	0.01	9.50508	0.001	75.0261	0.01	16.9253	0.01
23 	554943	0.00532745	424770	685227	0.00407779	0.00657818	91.461	0.01	15.2812	0.01	3.62796	0.0001	89.679	0.01	18.2845	0.001
23 	559628	0.00537243	429455	689578	0.00412277	0.00661995	19.7981	0.001	20.7102	0.001	2.21847	0.0001	87.697	0.01	3.95124	0.0001
23 	562340	0.00539846	431499	692220	0.00414239	0.00664531	0.567681	0.0001	14.7568	0.001	2.61212	0.0001	99.645	0.01	2.10314	0.0001
23 	564728	0.00542139	434701	695085	0.00417313	0.00667282	167.754	0.01	11.9468	0.001	0.00665111	1e-05	87.1719	0.01	102.889	0.01
23 	567063	0.0054438	436917	697269	0.0041944	0.00669378	-4.54747e-13	1e-08	68.5476	0.01	7.09574e-08	1e-05	137.312	0.01	5.89533e-08	1e-05
23 	570200	0.00547392	439544	700258	0.00421962	0.00672248	9.17912	0.001	58.1783	0.01	0.469985	0.0001	159.395	0.01	0.677303	0.0001
23 	574185	0.00551218	443948	704256	0.0042619	0.00676086	188.348	0.01	67.1908	0.01	4.8568	0.001	161.636	0.01	113.135	0.01
23 	582553	0.00559251	451593	712552	0.00433529	0.0068405	132.403	0.01	14.7397	0.001	1.58139	0.0001	151.724	0.01	2.06584	0.0001
23 	588002	0.00564482	458232	718349	0.00439903	0.00689615	134.859	0.01	47.2542	0.01	7.30321	0.001	122.649	0.01	26.3743	0.01
23 	592585	0.00568882	462393	722807	0.00443897	0.00693895	156.538	0.01	15.6117	0.01	8.05626	0.001	133.059	0.01	78.6494	0.01
23 	598732	0.00574783	468537	728858	0.00449796	0.00699704	189.502	0.01	32.1276	0.01	2.13476	0.0001	138.088	0.01	79.5055	0.01
23 	605621	0.00581396	474948	735316	0.0045595	0.00705903	155.755	0.01	36.9092	0.01	7.81328	0.001	136.485	0.01	78.0689	0.01
23 	607550	0.00583248	477581	737904	0.00458478	0.00708388	203.433	0.01	43.4434	0.01	9.63229	0.001	163.467	0.01	116.254	0.01
23 	612788	0.00588276	483254	743304	0.00463924	0.00713572	181.713	0.01	47.9091	0.01	17.5079	0.01	125.79	0.01	113.283	0.01
23 	617298	0.00592606	487125	747475	0.0046764	0.00717576	158.437	0.01	86.4761	0.01	0	1e-08	181.599	0.01	16.0527	0.01
23 	619955	0.00595157	489782	749907	0.00470191	0.00719911	107.848	0.01	15.0409	0.001	5.23613	0.001	80.5754	0.01	27.7177	0.001
23 	622295	0.00597403	491989	751944	0.00472309	0.00721866	150.502	0.01	24.2012	0.001	0.832424	0.001	176.573	0.01	52.4785	0.01
23 	626818	0.00601745	496856	756879	0.00476982	0.00726604	133.854	0.01	26.0747	0.01	3.51861e-09	1e-06	121.206	0.01	22.476	0.01
23 	630074	0.00604871	499863	760280	0.00479868	0.00729869	211.87	0.01	31.2261	0.01	1.65936	0.0001	152.019	0.01	78.3661	0.01
23 	636519	0.00611058	506583	767028	0.0048632	0.00736347	157.188	0.01	13.3183	0.001	0	1e-08	120.635	0.01	69.0245	0.01
23 	643212	0.00617484	513012	773558	0.00492492	0.00742616	65.8758	0.01	50.7167	0.01	0.0292815	0.0001	118.569	0.01	6.5094	0.001
23 	651111	0.00625067	520489	781158	0.00499669	0.00749912	20.0588	0.001	26.5456	0.001	0	1e-08	47.1522	0.01	-1.13687e-13	1e-08
23 	654191	0.00628023	524104	784451	0.0050314	0.00753073	9.63631	0.001	6.45494	0.001	5.69214e-07	1e-05	15.7098	0.001	0	1e-08
23 	657341	0.00631047	527489	787717	0.00506389	0.00756208	11.1984	0.001	13.3745	0.001	0	1e-08	18.8794	0.001	0.10876	0.0001
23 	660686	0.00634259	530096	791954	0.00508892	0.00760276	1.98026	0.0001	5.17399	0.0001	0	1e-08	49.2671	0.01	0	1e-08
23 	663327	0.00636794	533001	793743	0.00511681	0.00761993	4.55106	0.01	3.00101	0.001	0	1e-08	43.4725	0.01	0	1e-08
23 	665673	0.00639046	535485	795859	0.00514066	0.00764025	-2.27374e-13	1e-08	-2.27374e-13	1e-08	0	1e-08	0	1e-08	0.156675	0.0001
23 	670330	0.00643517	540011	800592	0.00518411	0.00768568	9.75608	0.01	0.045669	0.0001	1.69338	0.001	21.1758	0.01	10.9954	0.001
23 	675475	0.00648456	545670	805685	0.00523843	0.00773458	4.54747e-13	1e-05	1.90525	0.0001	7.33617	0.001	1.89004	0.0001	11.7509	0.001
23 	681144	0.00653898	550628	811203	0.00528603	0.00778755	2.03545e-09	1e-06	6.1387e-08	1e-06	5.60906	0.0001	5.78175e-08	1e-06	21.108	0.001
23 	685903	0.00658467	555721	816318	0.00533492	0.00783665	4.66893e-06	1e-05	0	1e-08	6.33184e-05	1e-05	0	1e-08	0.892622	0.0001
23 	691093	0.00663449	561150	821291	0.00538704	0.00788439	8.58024	0.001	4.76368	0.001	0	1e-08	12.025	0.001	0.57285	0.01
23 	694622	0.00666837	564397	824896	0.00541821	0.007919	36.8758	0.01	0.515974	0.0001	0.488628	0.0001	69.6218	0.01	11.2143	0.001
23 	697045	0.00669163	567019	827003	0.00544338	0.00793923	48.9488	0.01	0.215144	0.0001	0	1e-08	31.9345	0.01	31.241	0.01
23 	699666	0.00671679	569385	829629	0.0054661	0.00796444	13.2716	0.001	-2.27374e-13	1e-08	0.541041	0.0001	9.52293	0.001	24.3144	0.01
23 	703205	0.00675077	572562	833251	0.0054966	0.00799921	5.46165	0.001	-4.54747e-13	1e-08	2.03989	0.0001	0.5682	1e-05	6.75255	0.01
23 	707355	0.00679061	577138	837301	0.00554052	0.00803809	76.9432	0.01	-4.54747e-13	1e-08	5.30274	0.001	12.6832	0.01	86.9139	0.01
23 	710319	0.00681906	579680	840580	0.00556493	0.00806957	85.8939	0.01	18.5772	0.001	0	1e-08	60.4751	0.01	4.35397	0.001
23 	713322	0.00684789	583178	843518	0.00559851	0.00809777	34.1888	0.001	3.72929	0.0001	0.901918	0.0001	20.3315	0.001	11.3461	0.001
23 	715679	0.00687052	586413	845969	0.00562956	0.0081213	71.7887	0.01	3.21485	0.0001	0.0477833	1e-05	31.6031	0.01	18.3819	0.001
23 	718939	0.00690181	588306	849053	0.00564774	0.00815091	2.18089	0.0001	2.12787	0.0001	0	1e-08	13.0429	0.001	8.51879	0.01
23 	722949	0.00694031	592585	853135	0.00568882	0.0081901	0.148455	1e-05	0	1e-08	0.35787	1e-05	0	1e-08	2.26812	0.0001
23 	725228	0.00696219	594777	855464	0.00570986	0.00821245	-2.27374e-13	1e-08	0.0164512	1e-05	1.13942	0.0001	0	1e-08	49.9749	0.01
23 	728664	0.00699517	598319	858791	0.00574386	0.00824439	46.6228	0.01	3.48869	0.001	9.47361	0.001	35.2168	0.01	98.7981	0.01
23 	732197	0.00702909	601975	862653	0.00577896	0.00828147	118.919	0.01	1.71041	0.001	7.43301	0.001	58.5493	0.01	131.185	0.01
23 	737904	0.00708388	607620	868257	0.00583315	0.00833527	84.4733	0.01	0.668458	0.0001	13.2836	0.001	3.76637	0.001	79.2433	0.01
23 	742496	0.00712796	612104	872699	0.0058762	0.00837791	100.816	0.01	1.57182	0.0001	3.53465	0.0001	69.0313	0.01	109.626	0.01
23 	747475	0.00717576	617298	877632	0.00592606	0.00842527	120.232	0.01	0.411332	0.0001	16.12	0.01	50.1279	0.01	135.911	0.01
23 	753225	0.00723096	623040	883773	0.00598118	0.00848422	131.014	0.01	6.41607	0.0001	4.57688	0.001	77.7086	0.01	112.691	0.01
23 	758049	0.00727727	627814	888139	0.00602701	0.00852613	80.3465	0.01	4.49615	0.001	20.8704	0.01	20.6318	0.001	141.436	0.01
23 	762929	0.00732412	631665	893017	0.00606398	0.00857296	59.3071	0.01	3.20103	0.001	15.5221	0.001	23.6751	0.01	143.403	0.01
23 	765917	0.0073528	635696	896485	0.00610268	0.00860626	125.664	0.01	0.294597	1e-05	5.0752	0.0001	27.0721	0.01	100.984	0.01
23 	769851	0.00739057	639768	900044	0.00614177	0.00864042	33.7363	0.01	-2.27374e-13	1e-08	3.38061	0.0001	0.146698	1e-05	104.174	0.01
23 	771946	0.00741068	642013	902186	0.00616332	0.00866099	40.3233	0.01	0	1e-08	21.7728	0.001	0.891722	0.0001	141.438	0.01
23 	776197	0.00745149	645961	906152	0.00620123	0.00869906	54.6464	0.01	3.57598	0.001	3.50096	0.01	13.4672	0.001	73.3225	0.01
23 	782563	0.0075126	652292	912791	0.006262	0.00876279	54.1253	0.01	2.56998	0.0001	2.29793	0.0001	5.59935	0.0001	73.5172	0.01
23 	785901	0.00754465	655441	916176	0.00629223	0.00879529	81.1815	0.01	0.557973	0.001	10.3002	0.001	9.42047	0.001	98.5951	0.01
23 	793743	0.00761993	663327	924086	0.00636794	0.00887123	66.2535	0.01	2.80714	0.001	8.27154	0.001	8.19989	0.001	79.3552	0.01
23 	797435	0.00765538	667403	927818	0.00640707	0.00890705	2.52306	0.001	-2.27374e-13	1e-08	1.46421	0.001	0	1e-08	51.4925	0.01
23 	799449	0.00767471	669276	929669	0.00642505	0.00892482	24.2771	0.01	0.620002	0.0001	0.74268	0.0001	11.023	0.001	48.152	0.01
23 	802587	0.00770484	672711	932766	0.00645803	0.00895455	0.94532	0.0001	-2.27374e-13	1e-08	0	1e-08	0.534696	0.0001	38.9245	0.01
23 	804758	0.00772568	674788	935076	0.00647796	0.00897673	1.83662	0.0001	0.0691922	1e-05	2.02437	0.0001	0.0783318	1e-05	3.41198	0.0001
23 	806527	0.00774266	676274	936657	0.00649223	0.00899191	15.1015	0.001	0.742012	0.0001	11.9854	0.001	1.27598	0.0001	63.7686	0.01
23 	808576	0.00776233	678754	938921	0.00651604	0.00901364	4.1688	0.001	-4.54747e-13	1e-08	0.987573	0.0001	0.647007	0.0001	1.64387	0.0001
23 	812610	0.00780106	682323	942506	0.0065503	0.00904806	59.2256	0.01	1.44963	0.0001	41.7912	0.01	10.5691	0.001	101.866	0.01
23 	817169	0.00784482	686911	947357	0.00659435	0.00909463	36.089	0.01	2.32106	0.0001	2.14039	0.0001	13.1687	0.001	15.4652	0.001
23 	820481	0.00787662	689578	951088	0.00661995	0.00913044	1.65725	0.0001	0	1e-08	0	1e-08	1.22431	0.001	7.26126	0.01
23 	824137	0.00791172	693852	954560	0.00666098	0.00916378	58.2384	0.01	3.7511	0.0001	3.95513	0.0001	16.1804	0.001	18.8573	0.001
23 	829577	0.00796394	699666	959087	0.00671679	0.00920724	81.6365	0.01	8.33214	0.001	15.0153	0.001	19.6388	0.001	28.4168	0.01
23 	832740	0.0079943	702643	963183	0.00674537	0.00924656	20.0925	0.001	1.74249	0.0001	2.02731	0.0001	4.92022	0.001	21.9067	0.001
23 	837301	0.00803809	707166	967665	0.00678879	0.00928958	15.6338	0.01	0.168083	0.0001	13.3245	0.001	4.29977	0.001	79.8025	0.01
23 	841335	0.00807682	711253	971358	0.00682803	0.00932504	1.89621	0.0001	0.240177	1e-05	4.978	0.0001	0.28381	1e-05	60.5288	0.01
23 	842747	0.00809037	712552	972876	0.0068405	0.00933961	26.0682	0.001	1.21193	0.0001	10.0498	0.001	15.5779	0.001	23.5114	0.001
23 	846290	0.00812438	715989	976438	0.00687349	0.0093738	13.666	0.001	2.12653	0.001	7.21093	0.001	10.4049	0.001	15.3605	0.001
23 	848919	0.00814962	718865	979051	0.0069011	0.00939889	16.2277	0.001	1.35494	0.0001	2.84918	0.0001	7.40827	0.001	16.521	0.001
23 	851774	0.00817703	721661	981911	0.00692795	0.00942635	3.80115	0.0001	1.45245	0.0001	1.62717	0.0001	3.39134	0.0001	3.42232	0.0001
23 	853135	0.0081901	722949	982896	0.00694031	0.0094358	0.462646	0.0001	0.372117	0.0001	0	1e-08	0.530806	0.0001	0.302258	0.0001
23 	856002	0.00821762	725705	986201	0.00696677	0.00946753	0.652204	1e-05	0.66939	1e-05	0.246708	1e-05	0.697302	1e-05	0.542706	1e-05
23 	857178	0.00822891	726946	987453	0.00697868	0.00947955	1.34874	0.0001	1.2242	0.0001	0.393197	0.0001	1.32945	0.0001	1.24695	0.0001
23 	861795	0.00827323	731713	991946	0.00702444	0.00952268	4.98267e-08	1e-05	-4.54747e-13	1e-08	1.80992e-08	1e-05	4.12123e-08	1e-05	2.03519	0.0001
23 	868257	0.00833527	737904	998460	0.00708388	0.00958522	7.90522	0.001	0.370855	1e-05	2.95511	0.0001	1.33946	0.001	3.56198	0.0001
23 	871777	0.00836906	741743	1.00209e+06	0.00712073	0.0096201	1.12981	0.0001	1.38535	0.0001	0	1e-08	1.68253	0.0001	0	1e-08
23 	873782	0.00838831	743304	1.004e+06	0.00713572	0.00963843	18.5884	0.001	1.55085	0.0001	8.95595	0.001	7.08671	0.001	15.643	0.001
23 	877632	0.00842527	747475	1.00776e+06	0.00717576	0.00967451	6.2326	0.001	2.7973	0.001	0.111625	0.001	5.07115	0.001	5.86737	0.001
23 	881094	0.0084585	751463	1.01134e+06	0.00721404	0.00970884	-2.27374e-13	1e-08	0.0307786	0.0001	0	1e-08	0.0101189	0.0001	0	1e-08
23 	885775	0.00850344	755684	1.01607e+06	0.00725457	0.00975429	4.12725	0.0001	4.98634	0.0001	0.195246	0.0001	8.46198	0.0001	0.000342422	1e-05
23 	890599	0.00854975	760280	1.02084e+06	0.00729869	0.00980009	78.7648	0.01	2.03269	0.001	8.21363	0.001	11.2374	0.001	48.7139	0.01
23 	894804	0.00859012	764329	1.02498e+06	0.00733756	0.00983977	1.09837	0.0001	1.67047	0.001	0.88202	0.0001	6.41069	0.001	16.1864	0.01
23 	897868	0.00861953	768112	1.02794e+06	0.00737388	0.0098682	0.124299	1e-05	2.80951	0.0001	1.31248	0.001	12.2146	0.001	16.9811	0.01
23 	900599	0.00864575	770217	1.03101e+06	0.00739408	0.00989772	5.29618	0.001	0.919139	0.0001	19.9431	0.001	3.97392	0.0001	23.1009	0.001
23 	903453	0.00867315	773558	1.03386e+06	0.00742616	0.00992504	14.6876	0.001	-4.54747e-13	1e-08	4.26539	0.0001	-1.13687e-13	1e-08	25.9974	0.01
23 	906152	0.00869906	776197	1.03624e+06	0.00745149	0.0099479	5.41868	0.001	0.841314	0.0001	15.6552	0.001	1.6707	0.0001	21.3001	0.001
23 	909752	0.00873362	779257	1.04e+06	0.00748087	0.00998403	-4.54747e-13	1e-08	4.41415e-05	1e-05	17.4959	0.001	0	1e-08	47.0969	0.01
23 	911435	0.00874978	781158	1.0413e+06	0.00749912	0.00999653	0.0164072	1e-05	0.301985	0.0001	1.65779	0.0001	0.0722172	1e-05	0	1e-08
23 	912801	0.00876289	782563	1.04324e+06	0.0075126	0.0100151	0.0393478	0.0001	2.63585	0.0001	9.63962	0.001	2.22281	0.0001	10.302	0.001
23 	915799	0.00879167	785901	1.04603e+06	0.00754465	0.0100419	1.73307	0.0001	-2.27374e-13	1e-08	8.86104	0.001	0.486277	0.0001	3.1307	0.0001
23 	917256	0.00880566	786898	1.04748e+06	0.00755422	0.0100558	-4.54747e-13	1e-08	-4.54747e-13	1e-08	0.0490479	1e-05	0	1e-08	0.0730725	1e-05
23 	918831	0.00882078	788631	1.04861e+06	0.00757086	0.0100667	62.9053	0.01	-4.54747e-13	1e-08	0.730234	0.0001	0	1e-08	72.1591	0.01
23 	920993	0.00884153	789683	1.05075e+06	0.00758096	0.0100872	8.76135	0.001	0.00465453	1e-05	6.4791	0.001	7.55741	0.001	15.6757	0.001
23 	926377	0.00889322	796165	1.0568e+06	0.00764318	0.0101452	0.0113125	0.0001	-4.54747e-13	1e-08	0	1e-08	0	1e-08	0.00875643	0.0001
23 	929455	0.00892277	799259	1.05938e+06	0.00767289	0.01017	1.23165	0.0001	0.0704673	0.0001	0.196542	0.0001	0.902998	0.0001	0.885792	0.0001
23 	930998	0.00893758	800929	1.06168e+06	0.00768892	0.0101921	27.6871	0.01	0.428785	1e-05	1.36548	0.0001	2.99948	0.0001	18.0533	0.01
23 	933498	0.00896158	803181	1.06354e+06	0.00771054	0.01021	75.713	0.01	3.65545	0.001	44.0974	0.01	7.37434	0.001	111.839	0.01
23 	936006	0.00898566	805809	1.06558e+06	0.00773577	0.0102296	0.282545	0.0001	-4.54747e-13	1e-08	0	1e-08	0.144817	0.0001	0.206268	0.0001
23 	939074	0.00901511	808576	1.06898e+06	0.00776233	0.0102622	6.71008e-06	1e-05	-4.54747e-13	1e-08	0	1e-08	8.99477e-06	1e-05	7.46675e-06	1e-05
23 	941150	0.00903504	811203	1.07127e+06	0.00778755	0.0102842	8.68796	0.01	0	1e-08	1.26614	0.001	0	1e-08	78.7386	0.01
23 	947191	0.00909303	817169	1.07744e+06	0.00784482	0.0103434	2.00759	0.0001	0	1e-08	2.34974	0.001	1.18278	0.0001	8.2563	0.001
23 	949309	0.00911337	819195	1.07955e+06	0.00786427	0.0103637	61.7037	0.01	3.22332	0.001	4.97712	0.001	11.5728	0.001	85.7211	0.01
23 	954786	0.00916595	824575	1.08501e+06	0.00791592	0.0104161	30.9526	0.01	0	1e-08	0.567529	0.001	2.12059	0.001	23.8533	0.01
23 	963183	0.00924656	833106	1.09368e+06	0.00799782	0.0104994	15.0767	0.001	6.65371	0.001	0	1e-08	11.4035	0.001	32.455	0.01
23 	967993	0.00929273	837938	1.09824e+06	0.0080442	0.0105431	102.519	0.01	3.36833	0.001	24.7477	0.01	65.4297	0.01	89.2594	0.01
23 	972876	0.00933961	842634	1.1033e+06	0.00808929	0.0105917	19.6547	0.001	0.204816	0.0001	18.9109	0.001	6.31153	0.001	82.489	0.01
23 	976199	0.00937151	845969	1.10665e+06	0.0081213	0.0106238	11.4191	0.001	0	1e-08	10.1834	0.001	0.467893	0.0001	47.8986	0.01
23 	978998	0.00939838	848919	1.10949e+06	0.00814962	0.0106511	14.4682	0.001	0.844299	0.0001	18.5891	0.001	0.0245654	0.0001	60.5722	0.01
23 	981809	0.00942537	851547	1.11164e+06	0.00817485	0.0106717	78.3992	0.01	7.28415	0.001	6.7235	0.001	16.7745	0.001	80.901	0.01
23 	986234	0.00946785	856002	1.11639e+06	0.00821762	0.0107174	38.2544	0.001	10.1754	0.001	13.5216	0.001	32.6316	0.001	56.7864	0.01
23 	990261	0.00950651	860500	1.12038e+06	0.0082608	0.0107557	2.45598	0.001	-4.54747e-13	1e-08	19.4341	0.01	0	1e-08	114.573	0.01
23 	992833	0.0095312	862653	1.12294e+06	0.00828147	0.0107802	4.54958	0.0001	0.158205	1e-05	0.172423	1e-05	0.340725	1e-05	51.5141	0.01
23 	994258	0.00954488	863863	1.12446e+06	0.00829308	0.0107948	3.79011	0.0001	0	1e-08	1.07487	1e-05	1.38127	1e-05	4.59423	0.0001
23 	997570	0.00957667	867936	1.1272e+06	0.00833219	0.0108211	25.9706	0.001	1.00087	0.0001	2.27294	0.0001	13.2329	0.001	42.8783	0.001
23 	1.00115e+06	0.00961103	870920	1.13192e+06	0.00836083	0.0108665	6.32501	1e-05	1.50747	1e-05	1.79336	1e-05	6.70391	1e-05	7.51331	1e-05
23 	1.00226e+06	0.00962168	872134	1.13247e+06	0.00837249	0.0108717	36.6549	0.001	2.29515	0.0001	2.36849	0.0001	28.6161	0.001	36.6953	0.001
23 	1.00373e+06	0.0096358	873782	1.13411e+06	0.00838831	0.0108875	97.3398	0.01	14.4596	0.001	13.6057	0.001	48.047	0.01	40.5292	0.01
23 	1.00577e+06	0.00965535	875135	1.13598e+06	0.0084013	0.0109054	19.2905	0.001	10.9309	0.001	17.6248	0.001	17.2644	0.001	32.1777	0.001
23 	1.00944e+06	0.00969065	879354	1.13943e+06	0.0084418	0.0109385	59.1025	0.01	18.5205	0.001	10.838	0.001	41.1702	0.01	73.0092	0.01
23 	1.01258e+06	0.00972072	882416	1.14241e+06	0.00847119	0.0109671	0.693907	1e-05	0.367904	1e-05	2.26879	0.0001	0.644002	1e-05	32.5241	0.01
23 	1.01349e+06	0.00972948	882907	1.14363e+06	0.00847591	0.0109788	34.8672	0.001	12.9002	0.001	2.34771	0.001	31.8849	0.001	30.7674	0.001
23 	1.01566e+06	0.00975038	885775	1.14609e+06	0.00850344	0.0110024	24.1967	0.001	2.15733	0.001	9.83995	0.001	18.8762	0.001	55.5503	0.01
23 	1.01924e+06	0.00978471	888997	1.14952e+06	0.00853437	0.0110354	1.63519e-05	1e-05	3.97194	0.0001	40.1573	0.01	3.44072	0.0001	90.1349	0.01
23 	1.02361e+06	0.00982663	893017	1.15374e+06	0.00857296	0.0110759	0.962193	1e-05	0.427597	1e-05	0.461046	1e-05	0.871452	1e-05	0.879773	1e-05
23 	1.02823e+06	0.00987098	898073	1.15878e+06	0.0086215	0.0111243	122.063	0.01	6.16026	0.001	12.3453	0.01	70.8635	0.01	99.9182	0.01
23 	1.03187e+06	0.00990593	902014	1.16238e+06	0.00865933	0.0111588	108.711	0.01	6.52534	0.001	6.59006	0.001	67.4512	0.01	59.9612	0.01
23 	1.03619e+06	0.00994746	906066	1.16611e+06	0.00869823	0.0111947	99.1998	0.01	2.73233	0.0001	3.01421	0.0001	77.0926	0.01	19.8715	0.001
23 	1.0394e+06	0.00997823	909392	1.16944e+06	0.00873016	0.0112267	118.616	0.01	2.16134	0.0001	2.81166	0.0001	48.8649	0.01	82.2101	0.01
23 	1.04324e+06	0.0100151	912801	1.17341e+06	0.00876289	0.0112647	128.006	0.01	0.662149	0.001	7.10193	0.001	96.1887	0.01	88.5289	0.01
23 	1.04748e+06	0.0100558	917256	1.17771e+06	0.00880566	0.011306	57.7913	0.01	0.366992	0.0001	7.84105e-08	1e-05	15.123	0.01	8.83421e-08	1e-05
23 	1.05178e+06	0.0100971	921635	1.18163e+06	0.0088477	0.0113437	85.2661	0.01	8.57618	0.001	2.11197	0.0001	66.2434	0.01	48.8115	0.01
23 	1.05601e+06	0.0101377	925922	1.18641e+06	0.00888885	0.0113895	77.6118	0.01	2.28549	0.001	6.9886	0.001	29.298	0.01	21.2842	0.01
23 	1.06354e+06	0.01021	933498	1.19395e+06	0.00896158	0.011462	107.159	0.01	0.789127	0.0001	12.9818	0.001	74.0151	0.01	117.06	0.01
23 	1.06836e+06	0.0102562	937470	1.19828e+06	0.00899971	0.0115035	-2.27374e-13	1e-08	0.0528586	0.0001	0	1e-08	0.0106673	0.0001	0	1e-08
23 	1.07232e+06	0.0102943	941863	1.19989e+06	0.00904188	0.011519	0.69322	1e-05	0.234625	1e-05	0	1e-08	0.811427	1e-05	0.311365	1e-05
23 	1.07403e+06	0.0103107	944201	1.19989e+06	0.00906433	0.011519	17.0278	0.01	0.366556	0.0001	0	1e-08	26.7331	0.01	1.1361	0.01
23 	1.07744e+06	0.0103434	947191	1.19989e+06	0.00909303	0.011519	14.1945	0.001	7.20166	0.001	0	1e-08	14.5033	0.001	3.5909	0.001
23 	1.08071e+06	0.0103748	951088	1.19989e+06	0.00913044	0.011519	0.638744	0.001	-2.27374e-13	1e-08	0	1e-08	3.87843e-09	1e-05	1.58047e-09	1e-05
23 	1.08304e+06	0.0103971	952972	1.19989e+06	0.00914853	0.011519	1.75571	0.0001	0.873765	0.0001	0	1e-08	1.84853	0.0001	3.62272	0.001
23 	1.08548e+06	0.0104206	955448	1.19989e+06	0.0091723	0.011519	6.23771	0.0001	0.146065	1e-05	2.72854	0.0001	3.97374	0.0001	5.67834	0.0001
23 	1.08907e+06	0.0104551	959087	1.19989e+06	0.00920724	0.011519	0.418663	0.0001	0	1e-08	1.10402	0.0001	0	1e-08	1.19321	0.0001
23 	1.0942e+06	0.0105043	964119	1.19989e+06	0.00925554	0.011519	0.968219	0.0001	1.44625	0.0001	0	1e-08	9.02802	0.001	1.60128e-07	1e-05
23 	1.09826e+06	0.0105433	968079	1.19989e+06	0.00929356	0.011519	17.3571	0.01	5.11595	0.0001	24.7252	0.01	8.42036	0.0001	100.466	0.01
23 	1.09983e+06	0.0105584	969678	1.19989e+06	0.00930891	0.011519	3.44285	0.0001	2.78297	0.0001	0.266033	0.0001	5.38861	0.0001	0.199079	0.0001
23 	1.1016e+06	0.0105753	971358	1.19989e+06	0.00932504	0.011519	23.2387	0.001	5.42656	0.001	9.63246	0.001	20.2068	0.001	60.9452	0.01
23 	1.10665e+06	0.0106238	976438	1.19989e+06	0.0093738	0.011519	11.115	0.001	0.157005	0.0001	0.937503	0.0001	5.5045	0.001	1.06759	0.0001
23 	1.10988e+06	0.0106549	979829	1.19989e+06	0.00940636	0.011519	6.61089	0.001	-4.54747e-13	1e-08	1.78739	0.0001	3.40974	0.001	1.74601	0.0001
23 	1.11386e+06	0.0106931	983837	1.19989e+06	0.00944484	0.011519	12.2762	0.001	5.20745	0.001	1.03184	0.0001	13.6562	0.001	1.61279	0.0001
23 	1.11667e+06	0.0107201	986492	1.19989e+06	0.00947032	0.011519	64.5714	0.01	4.47053	0.001	7.33545	0.001	19.6223	0.01	30.4309	0.01
23 	1.11865e+06	0.010739	988177	1.19989e+06	0.0094865	0.011519	7.64235	0.001	2.36185	0.0001	1.56282	0.0001	21.1836	0.001	7.45603	0.001
23 	1.12066e+06	0.0107583	990446	1.19989e+06	0.00950828	0.011519	-2.27374e-13	1e-08	1.20517	0.0001	0.000180633	1e-05	19.3112	0.01	7.99978	0.01
23 	1.12216e+06	0.0107727	991946	1.19989e+06	0.00952268	0.011519	26.1031	0.01	1.91351	0.001	1.82186	0.001	11.6271	0.001	11.4988	0.001
23 	1.12592e+06	0.0108088	995884	1.19989e+06	0.00956049	0.011519	0.418913	1e-05	1.06104	1e-05	0	1e-08	11.9025	0.01	0	1e-08
23 	1.12968e+06	0.0108449	999669	1.19989e+06	0.00959682	0.011519	-4.54747e-13	1e-08	-4.54747e-13	1e-08	0	1e-08	0	1e-08	0	1e-08
23 	1.13528e+06	0.0108987	1.00492e+06	1.19989e+06	0.00964718	0.011519	24.8439	0.001	3.79904	0.0001	4.02131	0.0001	8.77935	0.0001	8.95956	0.0001
23 	1.13785e+06	0.0109234	1.00776e+06	1.19989e+06	0.00967451	0.011519	35.0831	0.001	2.56009	0.0001	12.399	0.001	16.7026	0.001	34.5474	0.001
23 	1.1411e+06	0.0109546	1.01104e+06	1.19989e+06	0.00970599	0.011519	14.3535	0.001	-4.54747e-13	1e-08	17.0374	0.001	14.1975	0.001	34.3414	0.001
23 	1.14521e+06	0.010994	1.01489e+06	1.19989e+06	0.00974292	0.011519	49.6552	0.001	1.93468	0.0001	13.2231	0.001	34.8483	0.001	60.1423	0.01
23 	1.1491e+06	0.0110313	1.01881e+06	1.19989e+06	0.00978056	0.011519	12.2643	0.0001	0.569748	0.001	10.3363	0.001	10.653	0.0001	79.6773	0.01
23 	1.15284e+06	0.0110672	1.02228e+06	1.19989e+06	0.00981385	0.011519	4.4033	0.001	1.0461	0.0001	0	1e-08	16.4662	0.001	6.54778	0.001
23 	1.15566e+06	0.0110943	1.02532e+06	1.19989e+06	0.00984305	0.011519	32.1562	0.001	0.126226	0.0001	9.29173	0.001	19.2683	0.001	32.865	0.001
23 	1.16036e+06	0.0111395	1.02997e+06	1.19989e+06	0.00988774	0.011519	9.9712	0.001	-2.27374e-13	1e-08	5.65801	0.001	9.17608	0.001	20.5113	0.001
23 	1.16391e+06	0.0111736	1.03386e+06	1.19989e+06	0.00992504	0.011519	109.281	0.01	10.2862	0.001	15.0632	0.001	29.3528	0.01	78.3598	0.01
23 	1.17176e+06	0.0112489	1.0413e+06	1.19989e+06	0.00999653	0.011519	3.09547	1e-05	0.577415	1e-05	0.415045	1e-05	3.15564	1e-05	3.13574	1e-05
23 	1.17388e+06	0.0112693	1.04366e+06	1.19989e+06	0.0100191	0.011519	9.13469	0.001	0.562276	0.0001	1.62982	0.0001	3.38323	0.0001	15.0072	0.001
23 	1.1763e+06	0.0112924	1.04603e+06	1.19989e+06	0.0100419	0.011519	15.2103	0.001	0.311557	0.0001	0.544969	0.0001	2.56018	0.0001	15.2594	0.01
23 	1.18107e+06	0.0113382	1.05075e+06	1.19989e+06	0.0100872	0.011519	0.0327568	0.0001	-4.54747e-13	1e-08	5.84981	0.001	0	1e-08	7.08663	0.001
23 	1.18563e+06	0.011382	1.05531e+06	1.19989e+06	0.010131	0.011519	5.47284	0.001	1.10727	0.0001	4.62833	0.0001	3.52818	0.0001	8.24636	0.0001
23 	1.18776e+06	0.0114025	1.05743e+06	1.19989e+06	0.0101513	0.011519	-2.27374e-13	1e-08	0.000132953	1e-05	1.00457	0.0001	0	1e-08	11.6393	0.01
23 	1.19247e+06	0.0114477	1.06248e+06	1.19989e+06	0.0101998	0.011519	0.645773	0.0001	-2.27374e-13	1e-08	0.00126564	1e-05	0	1e-08	0.0010816	1e-05
23 	1.19641e+06	0.0114856	1.06558e+06	1.19989e+06	0.0102296	0.011519	88.5086	0.01	0.47104	0.0001	10.8523	0.001	13.1592	0.01	74.2813	0.01
23 	1.19989e+06	0.011519	1.06959e+06	1.19989e+06	0.0102681	0.011519	7.92914	0.001	0.459104	0.0001	2.48085	0.001	4.31588	0.001	25.6937	0.01
