15   61813600  0.803086   61456500   62039800  0.801838   0.80433  1003  693.253    0.1   65.3538   0.01      52.9577   0.01
12  110856000   1.51335  110842000  111175000   1.51232   1.51422   253  679.884    0.1    26.884   0.01      33.7313   0.01
12   38736800  0.628765   38502300   38995200  0.627509  0.630084   668  674.627    0.1   58.8964   0.01      59.3043   0.01
2A   61948200  0.804763   61636100   62322900  0.803512  0.806005   683  668.971    0.1   24.8059  0.001      28.7087  0.001
17   37115500  0.725602   37097400   37676000  0.724303  0.726853   203  664.453    0.1   87.3276    0.1      72.6555    0.1
12   38748100    0.6288   38511300   38995200  0.627549  0.630084   662  656.442    0.1   47.6011   0.01       50.895   0.01
16   30689400  0.547681   30677600   30973900  0.546312  0.548928   129  653.388    0.1   15.8035  0.001      15.6424  0.001
12  110647000     1.509  110338000  110839000   1.50772   1.51025   334  652.037    0.1   49.8486   0.01       65.079   0.01
15   41299800  0.513744   41161800   41467000  0.512505  0.514995   358  651.862    0.1   15.4569  0.001      17.7617  0.001
16   30725800  0.547803   30677600   31012200  0.546312  0.549053   149  649.861    0.1   11.7596   0.01       14.502   0.01
12  124214000   1.67602  124020000  124292000   1.67477   1.67724   270  648.275    0.1   90.8984   0.01       89.317   0.01
16   71794700  0.931418   71550600   71981500  0.930169  0.932665   573  645.671    0.1   63.5877   0.01      86.6413   0.01
15   41294400  0.513717   41161800   41454800  0.512505   0.51497   339  643.516    0.1   55.1434   0.01      59.0309   0.01
12   38760800  0.628842   38522200   38995200  0.627589  0.630084   654  641.284    0.1   16.5015   0.01      18.9385   0.01
12   38754100  0.628821   38518100   38995200  0.627568  0.630084   656  640.739    0.1   12.7426  0.001      12.9654  0.001
2A   61868300  0.804144   61503900   62266400  0.802959  0.805396   794  636.672    0.1   69.5729   0.01      67.4242   0.01
2A   61926500  0.804559   61564800   62315700  0.803308  0.805892   746  635.232    0.1   63.8754   0.01      60.8036   0.01
7    5295220  0.116686    5173250    5387890  0.115409  0.117934   369  634.995    0.1   4.96648  1e-04      5.37197  1e-04
17   37013900  0.720667   36620800   37068200  0.719417  0.722814   498  630.721    0.1   50.5582   0.01      58.8048   0.01
12  110674000   1.50925  110484000  110840000   1.50801   1.51027   249  630.342    0.1   20.7216   0.01      92.1807   0.01
2B  131688000  0.420491  131555000  131739000  0.419229  0.420957   195   627.39    0.1   40.3283  0.001      57.4927   0.01
2A   61986500  0.804803   61659200   62326000  0.803567  0.806037   672  626.434    0.1   25.8955  0.001      17.1437  0.001
2A   61718100  0.803755   61465100   62100900  0.802538  0.805005   657  622.757    0.1   64.1313   0.01      62.7445   0.01
12   38784900   0.62894   38548800   38995600  0.627689  0.630175   625  622.407    0.1   58.7286   0.01      65.9876   0.01
1  152518000   1.96942  152178000  152967000   1.96817   1.97066   795  619.041    0.1   72.3787   0.01      73.5742   0.01
16   72122800  0.933765   71963700   72274200  0.932508  0.935011   354  617.442    0.1   88.5918   0.01      99.1461   0.01
16   71815700  0.931568   71575400   71990100  0.930262  0.932812   546  616.821    0.1   97.4766   0.01      96.0669   0.01
2A   62282600  0.805452   61874800   62591700  0.804193  0.806699   684   616.13    0.1   73.4693   0.01      26.8888   0.01
2A   62275600  0.805426   61873000   62581100  0.804159  0.806675   673  615.452    0.1   77.2683   0.01      61.1342   0.01
2A   62045900  0.804858   61671100   62332100  0.803621  0.806114   650  614.786    0.1   22.9961   0.01      21.8509   0.01
2A   61996200  0.804812   61659200   62326000  0.803567  0.806037   672  612.314    0.1   45.8229   0.01      15.1669   0.01
2A   62437000  0.806367   62146800   62631600  0.805117  0.807653   456  611.101    0.1   30.0104  0.001      23.7297  0.001
16   72097200  0.933593   71943300   72232900  0.932335  0.934843   310  607.934    0.1   23.0608   0.01      33.4504   0.01
16   71748000   0.93121   71496200   71959500  0.929957  0.932465   638  606.994    0.1   33.3565   0.01      14.8854   0.01
16   72001600  0.932948   71838900   72196400  0.931696  0.934194   406  606.985    0.1   11.7109   0.01      70.3284   0.01
2A   62102700  0.805012   61721100   62369200  0.803764  0.806262   640  605.421    0.1    109.47   0.01      65.9856   0.01
12   38711000  0.628321   38416800   38940100  0.627081  0.629577   753  603.865    0.1   51.3134   0.01      54.5252   0.01
16   71962500  0.932485   71752400   72118800  0.931234  0.933741   436  603.697    0.1   53.8566   0.01      89.2578   0.01
12  111926000   1.51904  111411000  112128000   1.51778   1.52029   663  602.568    0.1   46.3164   0.01      54.9738   0.01
2A   62155100  0.805148   61785700   62461000    0.8039  0.806398   657  601.799    0.1   46.8066   0.01      31.7496   0.01
16   71902100  0.931906   71628800   72016200  0.930657  0.933141   507  601.445    0.1   20.8713  0.001      21.5842  0.001
2A   62077000  0.804931   61690200   62336200  0.803682  0.806185   636  600.197    0.1   88.1402   0.01      55.5606   0.01
16   72066600  0.933494   71932800   72218500  0.932252  0.934746   306  598.275    0.1    68.666   0.01      78.4864   0.01
2A   62187700  0.805227   61821400   62500600  0.803977  0.806475   649  598.199    0.1   34.6715   0.01      13.2126  0.001
2A   62261200  0.805375   61865700   62543400  0.804137  0.806624   645  597.393    0.1    47.807   0.01      18.4825  0.001
12  111954000   1.51907  111415000  112130000   1.51783    1.5203   663  596.426    0.1   20.9808  0.001      21.6501  0.001
12   38768600  0.628866   38527500   38995200  0.627616  0.630084   649  595.958    0.1   18.6534  0.001      18.9905  0.001
12   40456100  0.640373   40214500   40662800  0.639109  0.641616   371  595.201    0.1   23.3893  0.001      23.2621  0.001
16   71992000  0.932846   71819900   72189100  0.931592  0.934087   419  594.435    0.1   31.2276   0.01      71.7313   0.01
12  124191000   1.67589  123989000  124289000   1.67464   1.67715   293  593.697    0.1    76.786   0.01      78.8867   0.01
16   30057500  0.537589   29927900   30203300   0.53637  0.538842   272  591.997    0.1   63.3585   0.01      68.7636   0.01
12   40313600  0.639808   40048200   40539800  0.638511  0.641085   431  590.238    0.1   39.8772   0.01       30.788   0.01
12  111135000   1.51408  110844000  111179000   1.51323   1.51531   257  588.968    0.1   53.4968   0.01      33.3114  0.001
2A   62054100  0.804873   61671100   62332100  0.803621  0.806114   650   588.79    0.1   24.3271  0.001      19.2665  0.001
12  111176000   1.51422  110844000  111179000   1.51323   1.51531   257  588.324    0.1   88.4552   0.01      39.6025   0.01
16   72184300  0.934023   71987300   72298100  0.932773  0.935277   357  585.839    0.1   66.8968   0.01       84.016   0.01
2A   62229400  0.805274   61833400   62516200  0.804024  0.806523   655  585.579    0.1   20.8468  0.001      18.0094  0.001
16   71840200  0.931702   71577600   72001600  0.930455  0.932948   552  583.871    0.1   2.17551  1e-04      62.5679   0.01
12   40278600  0.639711   40047200   40531600  0.638477  0.640959   427  582.342    0.1   71.1362   0.01      61.8229   0.01
2A   62197500  0.805247   61826100   62508400  0.803983  0.806497   651  581.759    0.1   24.5148  0.001      19.5587  0.001
2A   62247800  0.805334   61860700   62528500  0.804083  0.806574   637  580.237    0.1   97.2464   0.01       81.336   0.01
2B  131675000  0.420468  131554000  131739000  0.419225  0.420957   198   578.96    0.1   41.2768  0.001      48.0976  0.001
2B  131731000  0.420712  131579000  131739000  0.419459  0.420957   184  578.952    0.1   3.17218  1e-04      9.62112   0.01
2A   62071400  0.804912   61684700   62334300  0.803662  0.806175   639  576.249    0.1   38.6968   0.01      22.2958  0.001
12   40254200  0.639474   39985400   40514800  0.638206  0.640715   447  575.919    0.1   13.4024   0.01      63.1881   0.01
2A   61824200   0.80398   61479800   62186000  0.802722  0.805227   747  575.706    0.1   63.8116   0.01      44.2379   0.01
12  111153000   1.51414  110844000  111179000   1.51323   1.51531   257  574.807    0.1   69.2999   0.01      34.7107   0.01
15   41404100  0.514496   41271200   41726600  0.513284  0.515744   626   573.87    0.1   45.4993   0.01      118.886    0.1
2A   62161800  0.805185   61806400   62488300  0.803933  0.806434   649  573.039    0.1   69.0339   0.01      25.4834   0.01
2A   62178600  0.805215   61816100   62498000  0.803973  0.806466   650  572.939    0.1   74.9239   0.01       45.014   0.01
12   40359600  0.640214   40166100   40632600  0.638962  0.641466   430   572.62    0.1   52.2939   0.01       49.781   0.01
12   40265700  0.639622   40023800   40529100  0.638358  0.640846   441  572.562    0.1   57.3551   0.01      69.2656   0.01
16   30774800  0.547908   30677600   31064000  0.546312  0.549163   183  572.432    0.1     26.06  0.001      12.6533  0.001
16   30825500  0.548091   30677600   31128400  0.546312  0.549342   231  570.825    0.1   41.2162   0.01       30.369   0.01
6   86117300   1.24688   86020700   86306900   1.24552   1.24813   286  570.811    0.1   32.6937   0.01      20.8362   0.01
16   71910700  0.931943   71633300   72018300  0.930693  0.933197   506      570    0.1   20.2027   0.01      30.1115   0.01
12  124182000   1.67582  123975000  124287000   1.67457   1.67708   315  569.782    0.1   32.7199   0.01      37.3861   0.01
2A   62121300  0.805064   61748400   62410700  0.803812  0.806306   651  569.102    0.1   50.6854   0.01      17.2983  0.001
2A   61915400  0.804455   61536300   62315200  0.803203  0.805716   786  567.965    0.1   90.9667   0.01      74.0454   0.01
12  111872000   1.51891  111392000  112104000   1.51766   1.52017   659  567.419    0.1   48.7247   0.01      61.8917   0.01
2A   62094600  0.804975   61707400   62338300  0.803726  0.806225   619  567.308    0.1   50.7529   0.01      16.8351  0.001
2A   62089600  0.804959   61701300   62337700   0.80371  0.806224   626  567.016    0.1    22.013   0.01      4.32456  1e-04
16   72154600   0.93389   71979600   72289400   0.93264  0.935171   365  566.271    0.1   15.1856  0.001      19.2295  0.001
12   38683900  0.628113   38390000   38867400  0.626868  0.629355   740  565.619    0.1   57.5589   0.01       57.242   0.01
7    5262300  0.116376    5157180    5378760  0.115095  0.117637   395  564.916    0.1   92.8301   0.01      82.0941   0.01
2A   62009800  0.804823   61660300   62326000  0.803574  0.806037   670  563.242    0.1   29.0925  0.001      21.4426  0.001
12  112078000   1.51976  111752000  112264000   1.51851   1.52102   448  562.543    0.1    61.484    0.1      166.712    0.1
12  111792000   1.51856  111320000  112074000   1.51734   1.51976   727  560.905    0.1   91.2774   0.01      92.6424   0.01
12   1.12e+08   1.51913  111442000  112142000   1.51788   1.52038   651  559.928    0.1   4.58841  0.001      5.37519  0.001
2B  131657000  0.420387  131537000  131739000  0.419137  0.420957   227  558.798    0.1    23.554   0.01      68.5628   0.01
2A   62062000   0.80489   61672500   62332500  0.803642  0.806148   650  557.999    0.1   28.2966  0.001      16.8467  0.001
7    5255410   0.11631    5156450    5377380  0.115058  0.117589   396  557.895    0.1   37.5762   0.01      36.0175   0.01
2A   61515900  0.803133   61415300   61907200  0.801916  0.804381   572  556.655    0.1   97.7201   0.01      101.443   0.01
12  112045000   1.51924  111559000  112155000   1.51799   1.52048   576  556.292    0.1   39.6731   0.01      44.3354   0.01
16   30752300  0.547847   30677600   31028900  0.546312  0.549096   157   554.27    0.1   25.1438  0.001      17.8928  0.001
6   44111900  0.696568   43932000   44309400  0.695321  0.697799   336  554.184    0.1   53.7526   0.01      9.01933   0.01
2A   61790400  0.803903   61469300   62158300  0.802652  0.805152   721   552.76    0.1   18.7731  0.001       18.732  0.001
12   38703800  0.628182   38406900   38891200  0.626933   0.62944   705  552.754    0.1   30.0965   0.01      32.5732   0.01
12  112237000   1.52076  112069000  112675000   1.51956   1.52201   494  551.888    0.1   18.3449   0.01      63.5607   0.01
12   39656800  0.636332   39426500   39899700  0.635073  0.637588   467  551.839    0.1   66.2968   0.01      30.0633   0.01
17   66682600   1.10038   66450500   66702500    1.0991   1.10162   603  551.556   0.01    16.262  0.001      93.6517   0.01
16   71935200  0.932272   71703100   72076200  0.931018  0.933525   465  551.389    0.1   49.5054   0.01      104.091   0.01
12  110609000   1.50888  110322000  110827000   1.50762   1.51005   341  549.733    0.1   59.6077   0.01      79.8505   0.01
12   40062100  0.638709   39880700   40334100  0.637459  0.639965   441  546.575    0.1   17.5777  0.001      6.94203  0.001
16   30575500  0.545187   30447700   30677600  0.543823  0.546312    89  546.557    0.1   20.2911  0.001      21.4401  0.001
16   72036700  0.933352   71922500   72199900  0.932107   0.93459   292  544.737    0.1   40.5543   0.01      87.9651   0.01
16   71887800  0.931853   71618300   72012900  0.930601  0.933077   523  543.259    0.1   23.3214   0.01      43.0809   0.01
12   40349500  0.640113   40152300   40611500  0.638888  0.641362   421  541.375    0.1   88.0554   0.01      78.6821   0.01
12   38776400  0.628895   38539400   38995600  0.627644  0.630175   641  541.228    0.1   62.3403   0.01      71.2437   0.01
16   30641800  0.546024   30491500   30689400  0.544828  0.547681    89  540.664    0.1   3.45105  0.001  1.13687e-13  1e-08
16   71979200  0.932638   71786900   72151500  0.931391  0.933886   412   539.43    0.1   39.3623   0.01      68.2888   0.01
12   39677400  0.636424   39436600   39925000  0.635195  0.637683   500  539.247    0.1   102.667   0.01      77.7312   0.01
2A   62138000  0.805072   61751800   62411300  0.803823  0.806327   649  537.201    0.1   96.3574   0.01      41.2638   0.01
15   61920500  0.803457   61532800   62101700  0.802207  0.804706   951   537.08    0.1   52.5586   0.01      27.4943   0.01
16   71875100  0.931792   71610600   72011000   0.93054  0.933034   526  536.821    0.1   13.5286  0.001      35.5769   0.01
2A   61905200   0.80436   61512300   62311900  0.803108   0.80561   816  536.165    0.1   84.4355   0.01      67.5913   0.01
12  110628000   1.50896  110338000  110836000   1.50772   1.51021   331  536.002    0.1   14.2223  0.001      17.8623   0.01
16   72115300  0.933708   71959500   72250000  0.932465  0.934958   316  534.883    0.1   70.2895   0.01      93.5677   0.01
1  128227000   1.67917  128076000  128637000   1.67832   1.68042   557  533.716    0.1   97.4726   0.01      109.389   0.01
2A   61592700  0.803424   61443700   61936700  0.802175  0.804659   528   533.03    0.1   112.259   0.01      118.589   0.01
16   71881100  0.931811   71613500   72012100  0.930558  0.933069   525   532.45    0.1    26.812   0.01       42.439   0.01
12  111143000   1.51412  110844000  111179000   1.51323   1.51531   257  531.936    0.1   87.8453   0.01      34.9709  0.001
16   71986300  0.932745   71803900   72182900  0.931493  0.933998   434  531.906    0.1   6.13333  0.001      17.5015   0.01
15   82903100   1.05856   82817000   83045200   1.05722   1.05981   336  531.879    0.1   133.149   0.01      113.257   0.01
6   44062500   0.69635   43880800   44277700  0.695035   0.69758   358  531.817    0.1   38.7895   0.01      12.6491  0.001
15   41305100  0.513778   41171600   41484600  0.512547  0.515026   364   531.12    0.1   12.3621  0.001      27.8428   0.01
1  128191000   1.67905  128076000  128613000   1.67832    1.6803   510  530.995    0.1   91.7461   0.01      91.6208   0.01
12  111717000   1.51842  111309000  112071000   1.51715   1.51966   735  530.648    0.1   15.8436   0.01      42.1683   0.01
12  124200000   1.67597  124006000  124290000   1.67472   1.67721   277  529.928    0.1   11.4145  0.001      18.1135   0.01
2B  131647000  0.420321  131523000  131739000  0.419069  0.420957   247  528.077    0.1   38.0109   0.01      65.8892   0.01
6   44103400  0.696538   43928700   44307700  0.695284  0.697791   339  527.761    0.1   27.8183  0.001      17.9297  0.001
12  110845000   1.51325  110842000  111175000   1.51232   1.51422   253  526.827    0.1   12.5026  0.001      10.9254  0.001
1   32067400  0.665235   31990400   32385700  0.664034  0.666517   412  525.896    0.1   83.9599   0.01      102.925   0.01
12   38796800  0.629011   38591100   38998400   0.62776  0.630333   575   525.64    0.1   22.0744   0.01      50.0308   0.01
12   38695800  0.628133   38396600   38871900  0.626882  0.629382   729  525.558    0.1    10.327   0.01      12.2793   0.01
16   30597700  0.545825   30491500   30689400  0.544828  0.547681    89   525.33    0.1   64.9079   0.01      54.3724   0.01
15   41284100  0.513628   41160000   41422500  0.512422  0.514881   298  524.687    0.1   41.6365   0.01       72.749   0.01
1  128079000   1.67841  128072000  128355000   1.67635   1.67966   245  524.403    0.1   99.3948    0.1      118.315    0.1
15   41358900  0.514199   41247400   41613400  0.512956  0.515451   483   523.89    0.1   7.85445  0.001      49.1393   0.01
12  112177000   1.52055  112059000  112584000    1.5193    1.5218   426  522.964    0.1   31.0938   0.01      64.4629   0.01
2A   62263900  0.805389   61865700   62558100  0.804137  0.806638   659  522.679    0.1   92.3335   0.01      65.0879   0.01
7    5316600  0.116761    5176780    5389560  0.115513  0.117996   368  522.319    0.1    22.121  0.001      23.1584  0.001
16   72016600  0.933141   71897300   72196800  0.931894  0.934228   326  521.938    0.1   23.7255   0.01      46.0234   0.01
12  112118000   1.52024  111909000  112376000   1.51899    1.5215   396  521.752    0.1   40.7407   0.01      64.6225   0.01
12  110663000   1.50914  110428000  110840000   1.50789   1.51027   282   521.61    0.1   7.74178  0.001       74.322   0.01
16   71765100  0.931269   71503800   71965600   0.93002  0.932525   626  521.586    0.1   17.5821  0.001      13.1449  0.001
16   71916800  0.931975   71644100   72019600  0.930723  0.933227   487  521.273    0.1   76.9781   0.01      109.588   0.01
2A   61938200  0.804722   61607700   62320500  0.803473  0.805974   709  520.378    0.1   97.9269   0.01      74.6188   0.01
12   40199700  0.639027   39947100   40379100  0.637778  0.640281   375  520.319    0.1    21.791  0.001      5.29308  1e-04
17   38252300  0.730534   37872800   38480900  0.729244  0.731778   705  520.133    0.1   4.17375  0.001      27.1126  0.001
12   38812200  0.629031   38600400   38998400  0.627777  0.630333   567  519.433    0.1   39.2551   0.01      39.9116   0.01
12  111943000   1.51906  111411000  112130000    1.5178    1.5203   665   519.23    0.1   28.9404  0.001      29.5515  0.001
12  110689000    1.5094  110492000  110840000   1.50813   1.51027   241  518.413    0.1   8.70098  0.001      59.2765   0.01
16   71715900  0.931091   71482700   71943300  0.929842  0.932335   641  517.775    0.1   43.9673   0.01      48.1385   0.01
12  110594000   1.50865  110268000  110821000   1.50741   1.50992   414  515.639    0.1   67.1663   0.01      74.0612   0.01
15   46624300  0.564845   46118200   46736100  0.563597  0.566085   639  515.369    0.1   49.6208   0.01      28.3703   0.01
12  110786000   1.50968  110504000  110840000   1.50842   1.51027   231  514.716    0.1   18.3835  0.001      26.3429   0.01
16   71895900  0.931874   71623200   72016200  0.930626  0.933141   522  512.811    0.1   13.5177  0.001       29.951   0.01
12   40179500  0.638983   39931500   40361900  0.637732  0.640232   373  512.237    0.1   24.8122  0.001      24.7535  0.001
2A   61837900  0.804032   61495500   62233700  0.802782  0.805282   786  511.462    0.1   49.5703   0.01      38.4806   0.01
2A   62299100   0.80551   61884600   62620500   0.80426  0.806757   701   511.33    0.1   67.8583   0.01      4.85126  0.001
2A   61970100  0.804794   61652500   62326000  0.803535  0.806037   674  510.785    0.1    18.901  0.001      12.1327  0.001
19   50707000  0.957772   50539000   50807500  0.956572  0.959024   170   510.73    0.1   73.8504   0.01        37.74   0.01
12  112209000   1.52064  112059000  112643000    1.5193   1.52189   472  510.666    0.1   10.4879   0.01      65.5714   0.01
12  110876000   1.51346  110842000  111178000   1.51232     1.515   257  507.695    0.1   18.3006  0.001      31.3249   0.01
16   72084800  0.933552   71939200   72226500  0.932301  0.934799   310  507.121    0.1   30.3418   0.01      64.2394   0.01
12  124145000   1.67565  123941000  124280000    1.6744   1.67679   396   505.76    0.1   60.2846   0.01      52.2039   0.01
15   41343700  0.513991   41241500   41551600  0.512736  0.515242   384  504.706    0.1   23.5127   0.01      85.1934   0.01
16   71694800  0.930868   71468200   71922500  0.929623  0.932107   630  503.669    0.1   12.6732   0.01       13.797   0.01
2B  131620000  0.420148  131504000  131739000  0.418898  0.420957   278  502.657    0.1   48.7287   0.01      85.6361   0.01
7    5341360   0.11698    5211370    5395620  0.115743  0.118186   303  502.542    0.1   56.5986   0.01      49.6922   0.01
15   61792200  0.803031   61455400   62033800  0.801794  0.804277  1001  502.122    0.1   17.0532   0.01      39.7155   0.01
6   86113200   1.24674   86020500   86268200   1.24547   1.24799   251  502.009    0.1   30.9706   0.01      19.3063   0.01
1   32338300  0.665888   32022400   32583500  0.664557  0.667217   646  501.706    0.1   18.1187  0.001      22.3948  0.001
2A   61875100  0.804193   61503900   62280100  0.802959  0.805445   808  500.547    0.1   63.8361   0.01      57.0194   0.01
1  128174000     1.679  128076000  128596000   1.67832   1.68025   471  500.502    0.1   24.4144  0.001      25.9939  0.001
7    5375580  0.117519    5248970    5401460  0.116274  0.118797   228  500.341    0.1   82.0396   0.01      47.4302   0.01
2B  131661000  0.420418  131545000  131739000  0.419173  0.420957   216  500.244    0.1   12.7499  0.001      25.2906  0.001
16   71971900  0.932565   71779600   72127900  0.931316  0.933821   404  498.796    0.1         0  1e-08      50.3036   0.01
2B  131603000  0.420014  131469000  131739000  0.418772  0.420957   344  498.346    0.1   57.8106   0.01      83.2915   0.01
16   30863700  0.548381   30689400   31181300  0.547681  0.549631   281  498.209    0.1   36.4836   0.01       45.457   0.01
12  111978000    1.5191  111427000  112138000   1.51785   1.52035   657    496.8    0.1   23.6642  0.001      27.5636  0.001
16   71857400  0.931736   71598200   72006400  0.930483  0.932981   534  496.173    0.1   61.7386   0.01      109.153   0.01
2A   62144500  0.805107   61768400   62432100  0.803858  0.806356   653  495.111    0.1   88.6669   0.01      36.1958   0.01
16   71930500   0.93223   71700000   72064700  0.930963  0.933485   461  494.329    0.1   2.75436  0.001      13.4615  0.001
12  110580000   1.50859  110268000  110821000   1.50741   1.50992   414  493.714    0.1   41.8511   0.01      51.7506   0.01
12  110703000   1.50943  110494000  110840000   1.50822   1.51027   240  492.942    0.1   3.26866  1e-04      12.2432  0.001
2A   61544700  0.803226   61417000   61918600  0.801967   0.80448   576  491.876    0.1   26.4628  0.001      22.6344  0.001
12   38723100   0.62841   38423500   38951500  0.627165  0.629658   745  491.242    0.1   8.19757   0.01      6.28881  0.001
16   72138500  0.933848   71974400   72286200  0.932598  0.935043   367  489.326    0.1   16.1117  0.001      16.7947  0.001
16   30518200  0.544951   30447700   30660700  0.543823    0.5462    83   489.11    0.1   46.8682   0.01       26.389   0.01
15   82953600   1.05889   82820100   83104800   1.05784   1.06013   396  488.612    0.1   76.1368   0.01      66.5006   0.01
19   50752600  0.958102   50544000   50866800   0.95696  0.959344   250  488.321    0.1   61.3961   0.01      43.9474   0.01
15   41287800  0.513651   41160000   41429800  0.512422  0.514894   307  488.218    0.1   29.8113   0.01      29.4788   0.01
2B  131669000  0.420467  131551000  131739000  0.419209  0.420957   204  488.166    0.1   35.9975  0.001      42.1932  0.001
12  112059000    1.5193  111624000  112177000   1.51805   1.52055   516  487.917    0.1   95.7652   0.01      102.701   0.01
2A   61852900  0.804067   61501400   62243400   0.80282  0.805319   773  487.115    0.1    11.725   0.01      10.9196  0.001
1  152317000   1.96896  152161000  152759000    1.9677   1.97022   546  486.439    0.1   75.6164   0.01      17.8394   0.01
16   30808100  0.547992   30677600   31088600  0.546312   0.54924   198  486.073    0.1   22.8974  0.001      20.9893  0.001
12  110770000   1.50962  110497000  110840000    1.5084   1.51027   236  485.803    0.1   2.23087  1e-04      28.3377   0.01
16   71953900   0.93242   71727500   72109600  0.931164  0.933634   465  485.384    0.1   36.4992   0.01      75.8656   0.01
1  152346000   1.96902  152161000  152764000    1.9677   1.97027   549  485.162    0.1   3.65713  0.001      4.79096  0.001
17   37008900  0.720643   36609800   37068200  0.719388  0.722814   501  484.901    0.1   17.9306  0.001      52.6403   0.01
12   38718300  0.628352   38419000   38942000  0.627112  0.629593   745  483.875    0.1   22.8453   0.01      29.8628   0.01
1  128167000   1.67899  128076000  128594000   1.67832   1.68024   466   483.75    0.1    33.958   0.01      37.9555   0.01
15   61944300  0.803498   61541500   62117600  0.802255  0.804748   956  483.467    0.1   36.0297   0.01      30.7434   0.01
10   71869100  0.991771   71594900   72200400   0.99051  0.993023   708  483.104    0.1   25.8363   0.01      50.9296   0.01
15   41280800  0.513384   41156000   41413000   0.51204  0.514667   293  482.719    0.1   13.9887   0.01      13.9868   0.01
12   40379100  0.640281   40195700   40647300  0.639027  0.641535   399  482.654    0.1     25.94  0.001      11.5576  0.001
2A   62307100  0.805535   61895000   62624100  0.804288  0.806787   701   482.45    0.1   78.0502   0.01      69.1756   0.01
1  152434000   1.96923  152173000  152867000   1.96798   1.97048   662  481.296    0.1   44.5658   0.01      55.4639   0.01
12  111015000   1.51391  110842000  111179000   1.51232   1.51531   258  480.943   0.01   70.1609   0.01      32.3972  0.001
1   32062200  0.665198   31990400   32385100  0.664034  0.666445   411  480.543    0.1   8.27239  0.001      8.93205  0.001
2A   99718500   1.23394   99514400   99721500   1.23269   1.23417   264  480.234    0.1   30.8489   0.01      51.6593   0.01
16   71850800  0.931725   71594000   72006400  0.930475  0.932981   537  479.959    0.1   2.57013  1e-04      9.63462   0.01
12  124204000   1.67598  124008000  124292000   1.67473   1.67724   277  479.845    0.1   16.6738  0.001      17.6147  0.001
15   46539300  0.564574   46066100   46695000  0.563322  0.565835   685  479.625    0.1   31.7913   0.01      23.8207  0.001
1   32130800  0.665528   32002000   32492500   0.66428  0.666777   576  479.584    0.1   35.5183   0.01       55.828   0.01
12   40221500  0.639317   39985400   40489000  0.638206  0.640567   422  477.499    0.1   30.7849   0.01      35.5922   0.01
12  112035000    1.5192  111503000  112151000   1.51795   1.52045   614  477.077    0.1   18.9083  0.001      19.5906  0.001
12   40209900  0.639049   39950400   40383300  0.637799  0.640305   377  477.059    0.1   5.96229  0.001      35.4021  0.001
5   78010900  0.971033   77699000   78353400  0.969779  0.972275   644  476.476    0.1   48.6122   0.01       45.519   0.01
6   86092000   1.24643   85966100   86262600   1.24518    1.2477   366  475.808    0.1   59.5928   0.01      35.2832   0.01
12  110827000   1.51005  110604000  110842000   1.50884   1.51232   164  475.018    0.1   3.78376  0.001      65.3296   0.01
19   15704600  0.410299   15644000   15773700  0.409049  0.411652   305  474.988    0.1  0.480238  1e-04      79.6519   0.01
16   72052300  0.933434   71925500   72208400  0.932177  0.934677   298  474.922    0.1   15.5071   0.01      51.6831   0.01
12  124233000   1.67615  124057000  124296000   1.67491    1.6774   232  473.777    0.1   31.3343   0.01      45.2912   0.01
15   83010000   1.05949   82826400   83119100   1.05828   1.06075   412  473.102    0.1   21.4476   0.01      15.7394   0.01
2A   61961000   0.80479   61652500   62326000  0.803535  0.806037   674  472.505    0.1   8.93446  1e-04      6.28728  1e-04
15   61936000  0.803496   61538100   62117200  0.802238  0.804747   961  472.194    0.1   19.4812  0.001      26.0843  0.001
15   82946500   1.05879   82820100   83064800   1.05784   1.06003   360  472.166    0.1    96.325   0.01      95.6548   0.01
12  111805000   1.51863  111322000  112080000   1.51739   1.51999   730  471.287    0.1   55.3372   0.01      81.5799   0.01
12  111920000   1.51903  111411000  112126000   1.51778   1.52028   661  471.277    0.1   22.1464  0.001      25.3694  0.001
12  112104000   1.52017  111883000  112376000   1.51892    1.5215   420   470.98    0.1   53.1836   0.01      79.5202   0.01
2A   62526400  0.806565   62241900   62633300  0.805314  0.807817   358  468.654    0.1     24.37  0.001      28.4912  0.001
17   36961300  0.720445   36545500   37025500  0.719182  0.720858   537  468.379    0.1   20.7313  0.001      48.1606   0.01
15   46457700  0.564506   46059100   46693200  0.563256  0.565782   697  468.248    0.1    105.81   0.01      66.1954   0.01
1  152407000   1.96912  152170000  152786000   1.96784   1.97037   568  467.821    0.1   86.0372   0.01      105.167   0.01
12   40506100  0.640655   40238700   40720300  0.639401  0.641922   373   467.49    0.1   90.2702   0.01      59.2502   0.01
7    5291010  0.116628    5172130    5387890  0.115375  0.117934   372  467.191    0.1   13.0483  0.001      12.5353  0.001
2A   62126800  0.805068   61751500   62411300  0.803821  0.806327   650  466.513    0.1   28.5409  0.001      23.6279  0.001
12  110913000   1.51362  110842000  111178000   1.51232     1.515   257  465.877    0.1   73.3172   0.01      57.1259   0.01
12  111856000   1.51887  111378000  112095000   1.51761   1.52012   660  464.787    0.1   88.1701   0.01      87.6716   0.01
12   39629800  0.636282   39426200   39890300  0.635067  0.637539   449  464.129    0.1    25.792  0.001      9.81065  0.001
15   82827900   1.05828   82815800   83013200     1.057   1.05953   282  463.793    0.1    4.4852   0.01       1.1489  1e-04
2A   62112500  0.805041   61734600   62394200  0.803792  0.806291   654  462.991    0.1   13.9597  0.001      14.0128  0.001
12   38789700  0.628982   38582200   38995600  0.627732  0.630175   587  462.562    0.1    54.937   0.01      60.6291   0.01
2A   62218600  0.805269   61829900   62516200  0.804016  0.806523   656  462.488    0.1   24.5249  0.001      16.7923  0.001
17   37022500   0.72079   36639600   37068200  0.719535  0.722814   492  462.207    0.1   20.0707   0.01      100.368   0.01
12  110760000   1.50959  110497000  110840000    1.5084   1.51027   236  462.039    0.1   25.0054  0.001      26.0948  0.001
7    5326350  0.116833    5189960    5392970  0.115582  0.118061   335  461.934    0.1   20.4049   0.01      8.06105   0.01
12   40294400  0.639755   40048200   40535100  0.638511  0.641011   429   461.44    0.1   15.2813  0.001      12.3699  0.001
15   61889700  0.803327   61496700   62066200  0.802078  0.804576   960  460.777    0.1   48.1546   0.01      30.7412   0.01
15   46437600  0.564467   46055700   46693200  0.563225  0.565782   705  460.583    0.1   48.7093   0.01      21.3195   0.01
16   30855600  0.548346   30689400   31174700  0.547681  0.549616   265  460.304    0.1   12.6879  0.001       13.357  0.001
16   72175400  0.933939   71981500   72290300  0.932665    0.9352   365  460.224    0.1   4.22392  1e-04      4.32544  1e-04
12  112200000   1.52061  112059000  112626000    1.5193   1.52185   461  460.062    0.1   14.9774  0.001      20.7992  0.001
2B  131635000  0.420251  131521000  131739000  0.418965  0.420957   251  459.864    0.1   24.2217   0.01      57.2055   0.01
15   61884500  0.803293   61484400   62061000  0.802044  0.804554   983  459.072    0.1   22.5017   0.01       59.846   0.01
12  111965000   1.51909  111424000  112137000   1.51784   1.52034   657  459.065    0.1    21.161   0.01      31.8065   0.01
6   44130400  0.696662   43943400   44316500  0.695415   0.69786   329  459.051    0.1   115.756   0.01      39.7547   0.01
16   72027400  0.933316   71921100   72199900  0.932072   0.93459   296  457.903    0.1   4.64197  1e-04      6.90738   0.01
12   38674600  0.628106   38390000   38867400  0.626868  0.629355   740  456.786    0.1   3.54428  1e-04      7.74069   0.01
12   40559900  0.641204   40331700   40801200  0.639943  0.642476   324  456.484    0.1   11.2611  0.001      5.90276  0.001
15   61927600  0.803494   61538100   62115900  0.802238  0.804743   960  455.925    0.1   29.8231   0.01      42.3953   0.01
14   29938500   0.25192   29622400   29960300  0.250665  0.253223   935  455.607   0.01   81.7306   0.01      24.8113  0.001
17   36909900  0.720103   36516400   37025500  0.718846  0.720858   579  455.217   0.01   42.5615  0.001      41.3627  0.001
1  152416000   1.96919  152173000  152820000   1.96798   1.97044   608  454.229    0.1   42.3228   0.01      39.6879   0.01
2B  131617000  0.420122  131496000  131739000  0.418872  0.420957   293  454.151    0.1   9.98161  0.001      29.0772  0.001
5   77711200  0.970113   77342700   78045400  0.968859  0.971094   903  453.885    0.1   103.928    0.1      63.3532   0.01
2A   61530400  0.803184   61415700   61914900  0.801927  0.804447   576  453.334    0.1   11.4979  0.001      15.8949  0.001
1   32288000  0.665749   32022000   32533300   0.66453  0.666936   595  452.957    0.1   14.1772   0.01      76.3846   0.01
15   46576800  0.564709   46071700   46698600   0.56346  0.565965   676  452.644    0.1   23.4245   0.01      13.9865  0.001
2A   62373000  0.806268   62103300   62631600  0.805014  0.807653   507  452.326    0.1   11.0554  1e-04      10.3027  1e-04
2A   61810500  0.803951   61475600   62170900   0.80268  0.805202   735  452.007    0.1   15.7403  0.001      16.4521  0.001
1  152286000   1.96887  152151000  152701000   1.96759   1.97012   501  451.656    0.1   19.3414   0.01      57.6354   0.01
15   61940900  0.803497   61541500   62117200  0.802255  0.804747   955  451.161    0.1   2.06535  1e-04      5.12146  1e-04
14   29741900  0.251428   29579400   29956800  0.250182  0.252602  1113  451.006   0.01   121.916   0.01      59.3478   0.01
16   45585600  0.611176   45433800   45803300  0.610219  0.612422   566  450.989    0.1   43.1472   0.01      54.2096   0.01
16   72009300  0.933014   71870600   72196800  0.931766  0.934228   369  450.854    0.1   21.9521   0.01       58.293   0.01
2A   62031600  0.804845   61663700   62332100  0.803591  0.806114   666   450.76    0.1   27.2491  0.001      22.2484  0.001
19   50768700  0.958333   50591000   50880200  0.957077  0.959538   242  450.669    0.1   49.2963   0.01      53.0988   0.01
12   39952900  0.637813   39679400   40207700  0.636474  0.639049   533  449.784    0.1   30.0053   0.01      10.9848  0.001
17   38194800   0.73045   37872800   38477600  0.729244  0.731685   698   448.95   0.01   27.4796  0.001      23.8216  0.001
12  124163000   1.67578  123967000  124287000   1.67453   1.67708   330  448.451    0.1   10.2905   0.01      3.35439   0.01
19   15707700  0.410326   15647900   15773700  0.409068  0.411652   297  448.342    0.1   23.8066  0.001      52.1017  0.001
2A   61772600  0.803864   61467400   62146800  0.802631  0.805117   713  448.118    0.1   43.4864   0.01      53.5985   0.01
12  112014000   1.51915  111458000  112145000    1.5179    1.5204   644  448.055    0.1   16.5871  0.001      19.1992  0.001
17   38298900  0.730628   37889400   38485900  0.729422  0.731881   711   447.86   0.01   15.5141   0.01      110.299   0.01
15   61807700  0.803069   61456500   62038800   0.80183  0.804322  1001  447.748    0.1    33.968   0.01      20.4869   0.01
19   50660400  0.957499   50535900   50794600  0.956081  0.958738   145  447.128    0.1   42.6434   0.01      30.9336   0.01
2A   62357300  0.806248   62100900   62631600  0.805005  0.807653   514  446.325    0.1   4.91454  1e-04      6.92019  1e-04
2B  208635000   1.15088  208462000  208729000   1.14963    1.1522   436   446.27   0.01   198.924   0.01      1.77971  1e-04
12   39800700  0.637065   39572900   40013600  0.635813  0.638316   477  446.163    0.1   39.2979  0.001      31.8236  0.001
12  124156000   1.67575  123961000  124287000    1.6745   1.67708   348  445.859    0.1   16.7752  0.001      24.7924   0.01
12  110926000   1.51367  110842000  111178000   1.51232     1.515   257  445.264   0.01   37.2082   0.01      36.0289   0.01
1  152373000   1.96906  152170000  152769000   1.96784   1.97031   548  444.528    0.1   23.1909   0.01      35.0014   0.01
16   71827200   0.93165   71576600   71995600  0.930397  0.932897   549  444.315    0.1   36.6482   0.01       44.252   0.01
14   65918300  0.633754   65713900   66197800  0.633226  0.635004  1170  444.238   0.01   19.3883   0.01      19.7602   0.01
12   40544700  0.641144   40327700   40798200  0.639889  0.642406   326  443.936    0.1   109.885   0.01      37.7397   0.01
16   71809300  0.931518   71575400   71987300  0.930262  0.932773   542  443.255    0.1   49.8001   0.01      61.3126   0.01
7    5286240  0.116553    5169320    5383660  0.115309  0.117775   380  442.698    0.1    58.123   0.01       49.685   0.01
1  128093000   1.67879  128076000  128512000   1.67832   1.68004   343   442.23    0.1   68.9712   0.01      77.5496   0.01
1  128159000   1.67898  128076000  128591000   1.67832   1.68023   463  441.933    0.1   5.48615  1e-04      5.49898  1e-04
16   72020400  0.933227   71916800   72199900  0.931975   0.93459   301  440.776    0.1   0.12198  1e-04      55.6628   0.01
12  111992000   1.51912  111442000  112142000   1.51788   1.52038   651  440.283    0.1   4.06197  1e-04      12.1101   0.01
12   38662700  0.628012   38380300   38843700  0.626772  0.629259   728  440.251    0.1   57.9735   0.01        51.59   0.01
14   29955200  0.252299   29693600   29964000  0.251049  0.253612   741  438.687   0.01   121.625   0.01      114.804   0.01
2A   61978200  0.804798   61652500   62326000  0.803535  0.806037   674  438.498    0.1   15.4091  0.001      6.64866  1e-04
12  110888000   1.51351  110842000  111178000   1.51232     1.515   257  438.358    0.1   74.6768   0.01      70.7261   0.01
12   40148100  0.638823   39898100   40347600  0.637569  0.640086   410  437.983    0.1   44.6642   0.01      7.51962   0.01
17   28305800  0.661832   28200900   28364900  0.660549   0.66303   234  437.633   0.01    17.134  0.001      99.9246   0.01
12  124171000    1.6758  123970000  124287000   1.67455   1.67708   323  437.419    0.1   17.7524  0.001      18.5698  0.001
12  110567000   1.50856  110185000  110795000   1.50727   1.50971   472  436.961    0.1   12.3838   0.01       19.507   0.01
12   40399000  0.640334   40213400   40658200  0.639081  0.641581   368  434.447    0.1   5.04007  1e-04      0.34705  1e-05
16   29988500   0.53666   29059400   30071900  0.535409  0.537931   256  434.262  0.001   127.388  0.001      104.701  0.001
17   36678500  0.719821   36436600   37025500  0.718569  0.720858   711   434.22    0.1   63.6958   0.01      99.6066   0.01
12  110958000   1.51375  110842000  111178000   1.51232     1.515   257  433.898   0.01    25.518  0.001      37.7952   0.01
15   46551800  0.564605   46069100   46695000  0.563345  0.565835   676  433.875    0.1   20.6678   0.01      2.43247  1e-04
6   86121500   1.24701   86030300   86356500   1.24598   1.24826   367  433.654    0.1   32.7136   0.01      18.6964   0.01
12   38922600  0.629442   38705400   39031200  0.628195  0.630761   483  433.646   0.01   52.1975  0.001      55.1721  0.001
2A   99652800   1.23358   99494300   99721500   1.23233   1.23417   288  433.602   0.01   29.0706  0.001       33.956  0.001
12  111040000   1.51397  110842000  111179000   1.51232   1.51531   258  433.426   0.01   27.3583  0.001       33.903  0.001
5   77988400  0.971004   77699000   78352500  0.969779  0.972234   642  433.194    0.1   8.63759  0.001      6.38419  0.001
15   41365500   0.51428   41263000   41655800  0.513029  0.515537   521   433.19    0.1    10.354   0.01      93.4483   0.01
16   72162600   0.93391   71980500   72289400  0.932656  0.935171   364  433.067    0.1   1.83658  0.001      6.06991  1e-04
2A   62169300  0.805196   61809000   62492600  0.803946   0.80645   648  433.027    0.1   20.7469  0.001      11.9734  0.001
16   72168700  0.933929   71981500   72289400  0.932665  0.935171   363  431.506    0.1   25.0717   0.01      28.1019   0.01
16   30030600  0.536909   29063100   30110400  0.535443  0.538155   272  430.723   0.01         0  1e-08      60.3709   0.01
14   65935700  0.633826   65713900   66218100  0.633226  0.635077  1203  430.277   0.01   25.5538  0.001      22.7593  0.001
19   50587900  0.957074   50535300   50767900   0.95595  0.958326   107  429.633    0.1   22.2377  0.001      9.49271  0.001
14   65886800  0.633608   65713900   66149000  0.633226  0.634868  1075  429.578   0.01   32.6349   0.01      159.594   0.01
15   61848700  0.803189   61469200   62052500  0.801941  0.804439  1000  429.334    0.1   3.63929  0.001       1.1618  0.001
17   66685100   1.10038   66450500   66702500    1.0991   1.10162   603   429.16   0.01   10.1739  0.001      64.2611   0.01
12  112144000   1.52039  112007000  112439000   1.51914   1.52164   348  427.889    0.1   35.0932   0.01      83.2015   0.01
16   71863700  0.931751   71604500   72008000  0.930502  0.932999   530    427.4    0.1   3.69047  1e-04      4.12996  0.001
17   38261700  0.730546   37872800   38480900  0.729244  0.731778   705  426.873   0.01    2.7976  0.001      29.8934  0.001
12   39835700  0.637198   39617000   40043400  0.636038  0.638423   455  426.862   0.01   68.2869   0.01      31.1715   0.01
12   38895200   0.62944   38705400   39031200  0.628195  0.630761   483  426.793   0.01   42.0395  0.001      43.5919  0.001
2B  131715000  0.420585  131573000  131739000  0.419345  0.420957   194  426.613    0.1   13.7807  0.001      19.3381  0.001
12  111840000   1.51883  111369000  112088000   1.51758   1.52008   664  425.783    0.1     47.91   0.01       56.392   0.01
12  111883000   1.51892  111396000  112104000   1.51767   1.52017   655  425.735    0.1   44.6012   0.01      74.1484   0.01
2A   61743800  0.803801   61465100   62117000  0.802538  0.805053   674  425.604    0.1   22.9544   0.01       25.368   0.01
12  110993000   1.51385  110842000  111178000   1.51232     1.515   257  424.059    0.1   50.1459   0.01      92.1751   0.01
20   33191500  0.507993   32986200   33463800  0.506738  0.509245   832  423.926   0.01   99.1649   0.01       146.72   0.01
15   61720700  0.802782   61434100   62003400  0.801505  0.804035   988    423.5    0.1   20.3926   0.01      31.9981   0.01
17   36916500  0.720103   36516400   37025500  0.718846  0.720858   579  422.992   0.01   36.6474  0.001      37.1569  0.001
16   30541500  0.545123   30447700   30677600  0.543823  0.546312    89  422.807    0.1   21.5197  0.001      26.1077  0.001
12   38901700   0.62944   38705400   39031200  0.628195  0.630761   483  422.261   0.01   37.6541  0.001      40.9365  0.001
2A   61573200   0.80334   61421000   61929700  0.802095  0.804587   576  421.661    0.1   50.1295   0.01       64.165   0.01
5   77904900  0.970867   77691500   78125500  0.969612  0.972114   360  421.463    0.1   38.5646  0.001      41.7075  0.001
2A   62503400   0.80648   62186000   62631800  0.805227   0.80775   413  421.342    0.1   4.00167  0.001     0.869557  1e-04
16   71752400  0.931234   71499200   71962100  0.929989  0.932485   638  421.267    0.1    16.368  0.001       4.3995  0.001
14   65892800  0.633633   65713900   66149900  0.633226  0.634882  1076  420.914   0.01   2.22269  0.001      106.956   0.01
12   35819100  0.606331   35431500   36183600   0.60508  0.607576  1099  420.846   0.01   121.343   0.01      135.052   0.01
15   82895300   1.05853   82817000   83041800   1.05722   1.05977   333  419.483   0.01   37.8435  0.001      35.0129  0.001
12   38617900   0.62787   38369600   38821800  0.626616  0.629119   703  419.444    0.1     52.06   0.01      77.4023   0.01
12   40160600  0.638956   39927100   40359600  0.637704  0.640214   377  418.967    0.1    24.432  0.001      25.7434  0.001
17   66487300   1.09988   66426900   66697500   1.09862     1.101   686   418.93   0.01   1.84041  1e-04      180.039   0.01
12   38876500  0.629402   38697100   39021000  0.628156  0.630599   494  418.618   0.01   51.4494  0.001      53.4816  0.001
12  124254000   1.67629  124066000  124312000   1.67503   1.67754   261  418.427    0.1   8.29002   0.01       19.771   0.01
12   38800400  0.629018   38594700   38998400  0.627767  0.630333   572  418.398    0.1   37.9919  0.001      37.9355  0.001
12   35731900   0.60614   35428900   36171200  0.604854  0.607387  1072  418.341   0.01   99.2024   0.01      111.352   0.01
12  124121000   1.67535  123852000  124274000   1.67409   1.67657   537  418.041    0.1   6.38043  1e-04      6.73923  1e-04
17   66693500   1.10069   66461200   66702500   1.09946   1.10162   575  417.438   0.01   33.0032   0.01      158.195   0.01
7    5240650  0.116198    5151130    5371470  0.114955  0.117445   402  416.917    0.1   102.815   0.01      106.181   0.01
2B  131720000  0.420585  131573000  131739000  0.419345  0.420957   194  416.785    0.1   13.4166  0.001      17.5751  0.001
10   72016800  0.992693   71777200   72252300  0.991453  0.993209   464  416.438    0.1   1.20659  1e-04      14.3469  0.001
17   36859800  0.720049   36504500   37025500  0.718799  0.720858   610  415.959    0.1   25.0041  0.001      37.1193  0.001
16   30018600  0.536828   29063100   30097600  0.535443  0.538095   266  415.917   0.01         0  1e-08      61.2322   0.01
1   32306600  0.665818   32022400   32533300  0.664557  0.666936   594  415.882    0.1   23.2443  0.001      34.3311  0.001
16   71943300  0.932335   71715200   72094400  0.931091  0.933585   470  415.642    0.1   9.17298  0.001      57.8515   0.01
15   82848800   1.05835   82816200   83017900    1.0571    1.0596   292  415.419    0.1    15.784  0.001      6.61517  0.001
14   65911800  0.633728   65713900   66191800  0.633226  0.634983  1158  414.396   0.01   43.5188   0.01      89.4523   0.01
17   38150800  0.730396   37864100   38475400  0.729084  0.731651   701  414.138   0.01   45.6979   0.01      69.9083   0.01
12  110903000   1.51358  110842000  111178000   1.51232     1.515   257   413.91   0.01    43.946   0.01      59.4807   0.01
12  112128000   1.52029  111925000  112378000   1.51904   1.52154   373  413.263    0.1   34.6615   0.01      78.2287   0.01
12  112334000   1.52127  112080000  112902000   1.51999    1.5225   688  413.233    0.1   10.7004   0.01      117.923   0.01
12   39971200  0.637877   39679400   40214500  0.636474  0.639109   546   412.75    0.1   10.4305  0.001      3.89347  0.001
12   38868800  0.629376   38691400   39021000  0.628125  0.630599   500  411.563   0.01    72.948   0.01      57.2461   0.01
1   32054700  0.665156   31988300   32383200   0.66382  0.666368   412  411.553    0.1   58.6225   0.01      68.0347   0.01
17   36984800  0.720551   36575700   37025500  0.719282  0.720858   516  411.051    0.1   22.7289  0.001      29.0961  0.001
6   86078100   1.24624   85909800   86241500   1.24498   1.24749   429      411    0.1   8.92046   0.01      8.64067  0.001
17   28431500  0.664311   28364900   28566700   0.66303  0.665563   245  410.682   0.01    37.145  0.001      103.644   0.01
16   45621200  0.611432   45433800   45840700  0.610219  0.612679   589  409.076    0.1   75.6101   0.01      76.5058   0.01
12   39758700  0.637017   39567900   39986700  0.635757  0.638272   472  408.723   0.01   74.5254  0.001      58.7988  0.001
12  110497000    1.5084  110149000  110776000   1.50716   1.50965   591   408.58    0.1   58.7947   0.01      67.9353   0.01
12   39806500  0.637076   39576400   40015500  0.635823   0.63832   477  408.185    0.1         0  1e-08      32.9152  0.001
8   45394300  0.720525   44678900   45765000  0.719273  0.721782  1804  407.511   0.01   24.1979  0.001      105.634   0.01
9   34250000   0.66933   34201900   34490300  0.668145  0.670651   505  407.342   0.01   24.4818  0.001      53.4089  0.001
12   39650900  0.636314   39426200   39898100  0.635067  0.637569   466   406.99    0.1   4.60341  1e-04      4.45127  1e-04
16   45508100  0.610537   45192600   45687400  0.608512  0.611783   421  406.042   0.01   161.719   0.01      113.951   0.01
15   39471200  0.505675   39389500   40350200  0.503657  0.506923  1203  405.039    0.1   27.6859   0.01      63.0762   0.01
10   72201600  0.993025   71869200   72252300  0.991773  0.993209   384  404.258   0.01   53.1268  0.001      62.3169   0.01
12   39545100  0.635711   39408200   39680100  0.634457  0.637015   236  404.012   0.01   109.937   0.01       72.382   0.01
15   46568300  0.564653   46070900   46697000  0.563415  0.565916   678  403.615    0.1   78.1535   0.01      17.4739  0.001
12  112376000    1.5215  112122000  112987000   1.52025   1.52273   769  403.518    0.1   9.16866   0.01      116.247   0.01
12   35701200  0.606011   35428200   36130400  0.604772  0.607251   994  403.438   0.01   117.153   0.01      139.136   0.01
1  152306000   1.96891  152152000  152732000   1.96766   1.97016   528  403.346    0.1   34.6369   0.01      48.4155   0.01
12  110657000   1.50908  110377000  110840000   1.50783   1.51027   315  403.223    0.1  0.463002  1e-04      10.5789   0.01
12   39994500  0.638272   39759000   40257100  0.637018  0.639519   512  403.164    0.1   36.4269   0.01      48.2718   0.01
16   45520600  0.610637   45433800   45697300  0.610219  0.611886   425  402.954   0.01    87.702   0.01      105.074   0.01
17   66689500   1.10056   66457400   66702500   1.09931   1.10162   587  402.869   0.01    5.1138  0.001      142.584   0.01
12   40300700   0.63977   40048200   40535100  0.638511  0.641011   429  402.508    0.1   29.6566   0.01      36.0281   0.01
12  110941000    1.5137  110842000  111178000   1.51232     1.515   257  402.328   0.01   3.03848  1e-04      12.0872  0.001
17   38339500  0.731044   37948700   38512400  0.729798  0.732283   708  402.206   0.01   9.91095  0.001      53.1598   0.01
19   50549000  0.956975   50535300   50760000   0.95595  0.958221   106  401.787    0.1   40.4415  0.001       41.628  0.001
19   50730200  0.958013   50540800   50861100  0.956599  0.959274   233  400.555    0.1    9.4898  0.001      9.72244  0.001
8   45514100  0.720899   45010800   45812100  0.719645  0.722159  1428  399.883   0.01   42.1145  0.001      131.669   0.01
